0 0.00320513 0.116987 -0.0279146 0.0833333 -0.0436508 0.0355519 -0.301581
100 -0.134615 0.735577 0.0845649 0.0657051 -0.0515873 0.150062 -7.41892
200 -0.157051 0.958333 0.218391 0.163462 0.00595238 0.242249 -13.394
300 -0.11859 1 0.252874 0.121795 0.0277778 0.234808 -14.2941
400 -0.11859 1 0.252874 0.121795 0.0277778 0.234808 -14.2941
500 -0.11859 1 0.252874 0.121795 0.0277778 0.234808 -14.2941
600 -0.11859 1 0.252874 0.121795 0.0277778 0.234808 -14.2941
700 -0.11859 1 0.252874 0.121795 0.0277778 0.234808 -14.2941
800 -0.11859 1 0.252874 0.121795 0.0277778 0.234808 -14.2941
900 -0.11859 1 0.252874 0.121795 0.0277778 0.234808 -14.2941
1000 -0.11859 1 0.252874 0.121795 0.0277778 0.234808 -14.2941
1100 -0.11859 1 0.252874 0.121795 0.0277778 0.234808 -14.2941
1200 -0.11859 1 0.252874 0.121795 0.0277778 0.234808 -14.2941
1300 -0.11859 1 0.252874 0.121795 0.0277778 0.234808 -14.2941
1400 -0.11859 1 0.252874 0.121795 0.0277778 0.234808 -14.2941
1500 -0.11859 1 0.252874 0.121795 0.0277778 0.234808 -14.2941
1600 -0.11859 1 0.252874 0.121795 0.0277778 0.234808 -14.2941
1700 -0.11859 1 0.252874 0.121795 0.0277778 0.234808 -14.2941
1800 -0.11859 1 0.252874 0.121795 0.0277778 0.234808 -14.2941
1900 -0.11859 1 0.252874 0.121795 0.0277778 0.234808 -14.2941
2000 -0.11859 1 0.252874 0.121795 0.0277778 0.234808 -14.2941
2100 -0.11859 1 0.252874 0.121795 0.0277778 0.234808 -14.2941
2200 -0.11859 1 0.252874 0.121795 0.0277778 0.234808 -14.2941
2300 -0.11859 1 0.252874 0.121795 0.0277778 0.234808 -14.2941
2400 -0.11859 1 0.252874 0.121795 0.0277778 0.234808 -14.2941
2500 -0.11859 1 0.252874 0.121795 0.0277778 0.234808 -14.2941
2600 -0.11859 1 0.252874 0.121795 0.0277778 0.234808 -14.2941
2700 -0.11859 1 0.252874 0.121795 0.0277778 0.234808 -14.2941
2800 -0.11859 1 0.252874 0.121795 0.0277778 0.234808 -14.2941
2900 -0.11859 1 0.252874 0.121795 0.0277778 0.234808 -14.2941
3000 -0.11859 1 0.252874 0.121795 0.0277778 0.234808 -14.2941
3100 -0.11859 1 0.252874 0.121795 0.0277778 0.234808 -14.2941
3200 -0.11859 1 0.252874 0.121795 0.0277778 0.234808 -14.2941
3300 -0.11859 1 0.252874 0.121795 0.0277778 0.234808 -14.2941
3400 -0.11859 1 0.252874 0.121795 0.0277778 0.234808 -14.2941
3500 -0.11859 1 0.252874 0.121795 0.0277778 0.234808 -14.2941
3600 -0.11859 1 0.252874 0.121795 0.0277778 0.234808 -14.2941
3700 -0.11859 1 0.252874 0.121795 0.0277778 0.234808 -14.2941
3800 -0.11859 1 0.252874 0.121795 0.0277778 0.234808 -14.2941
3900 -0.11859 1 0.252874 0.121795 0.0277778 0.234808 -14.2941
4000 -0.11859 1 0.252874 0.121795 0.0277778 0.234808 -14.2941
4100 -0.11859 1 0.252874 0.121795 0.0277778 0.234808 -14.2941
4200 -0.11859 1 0.252874 0.121795 0.0277778 0.234808 -14.2941
4300 -0.11859 1 0.252874 0.121795 0.0277778 0.234808 -14.2941
4400 -0.11859 1 0.252874 0.121795 0.0277778 0.234808 -14.2941
4500 -0.11859 1 0.252874 0.121795 0.0277778 0.234808 -14.2941
4600 -0.11859 1 0.252874 0.121795 0.0277778 0.234808 -14.2941
4700 -0.11859 1 0.252874 0.121795 0.0277778 0.234808 -14.2941
4800 -0.11859 1 0.252874 0.121795 0.0277778 0.234808 -14.2941
4900 -0.11859 1 0.252874 0.121795 0.0277778 0.234808 -14.2941
5000 -0.11859 1 0.252874 0.121795 0.0277778 0.234808 -14.2941
5100 -0.11859 1 0.252874 0.121795 0.0277778 0.234808 -14.2941
5200 -0.11859 1 0.252874 0.121795 0.0277778 0.234808 -14.2941
5300 -0.11859 1 0.252874 0.121795 0.0277778 0.234808 -14.2941
5400 -0.11859 1 0.252874 0.121795 0.0277778 0.234808 -14.2941
5500 -0.11859 1 0.252874 0.121795 0.0277778 0.234808 -14.2941
5600 -0.11859 1 0.252874 0.121795 0.0277778 0.234808 -14.2941
5700 -0.11859 1 0.252874 0.121795 0.0277778 0.234808 -14.2941
5800 -0.11859 1 0.252874 0.121795 0.0277778 0.234808 -14.2941
5900 -0.11859 1 0.252874 0.121795 0.0277778 0.234808 -14.2941
6000 -0.11859 1 0.252874 0.121795 0.0277778 0.234808 -14.2941
6100 -0.11859 1 0.252874 0.121795 0.0277778 0.234808 -14.2941
6200 -0.11859 1 0.252874 0.121795 0.0277778 0.234808 -14.2941
6300 -0.11859 1 0.252874 0.121795 0.0277778 0.234808 -14.2941
6400 -0.11859 1 0.252874 0.121795 0.0277778 0.234808 -14.2941
6500 -0.11859 1 0.252874 0.121795 0.0277778 0.234808 -14.2941
6600 -0.11859 1 0.252874 0.121795 0.0277778 0.234808 -14.2941
6700 -0.11859 1 0.252874 0.121795 0.0277778 0.234808 -14.2941
6800 -0.11859 1 0.252874 0.121795 0.0277778 0.234808 -14.2941
6900 -0.11859 1 0.252874 0.121795 0.0277778 0.234808 -14.2941
7000 -0.11859 1 0.252874 0.121795 0.0277778 0.234808 -14.2941
7100 -0.11859 1 0.252874 0.121795 0.0277778 0.234808 -14.2941
7200 -0.11859 1 0.252874 0.121795 0.0277778 0.234808 -14.2941
7300 -0.11859 1 0.252874 0.121795 0.0277778 0.234808 -14.2941
7400 -0.11859 1 0.252874 0.121795 0.0277778 0.234808 -14.2941
7500 -0.11859 1 0.252874 0.121795 0.0277778 0.234808 -14.2941
7600 -0.11859 1 0.252874 0.121795 0.0277778 0.234808 -14.2941
7700 -0.11859 1 0.252874 0.121795 0.0277778 0.234808 -14.2941
7800 -0.11859 1 0.252874 0.121795 0.0277778 0.234808 -14.2941
7900 -0.11859 1 0.252874 0.121795 0.0277778 0.234808 -14.2941
8000 -0.11859 1 0.252874 0.121795 0.0277778 0.234808 -14.2941
8100 -0.11859 1 0.252874 0.121795 0.0277778 0.234808 -14.2941
8200 -0.11859 1 0.252874 0.121795 0.0277778 0.234808 -14.2941
8300 -0.11859 1 0.252874 0.121795 0.0277778 0.234808 -14.2941
8400 -0.11859 1 0.252874 0.121795 0.0277778 0.234808 -14.2941
8500 -0.11859 1 0.252874 0.121795 0.0277778 0.234808 -14.2941
8600 -0.11859 1 0.252874 0.121795 0.0277778 0.234808 -14.2941
8700 -0.11859 1 0.252874 0.121795 0.0277778 0.234808 -14.2941
8800 -0.11859 1 0.252874 0.121795 0.0277778 0.234808 -14.2941
8900 -0.11859 1 0.252874 0.121795 0.0277778 0.234808 -14.2941
9000 -0.11859 1 0.252874 0.121795 0.0277778 0.234808 -14.2941
9100 -0.11859 1 0.252874 0.121795 0.0277778 0.234808 -14.2941
9200 -0.11859 1 0.252874 0.121795 0.0277778 0.234808 -14.2941
9300 -0.11859 1 0.252874 0.121795 0.0277778 0.234808 -14.2941
9400 -0.11859 1 0.252874 0.121795 0.0277778 0.234808 -14.2941
9500 -0.11859 1 0.252874 0.121795 0.0277778 0.234808 -14.2941
9600 -0.11859 1 0.252874 0.121795 0.0277778 0.234808 -14.2941
9700 -0.11859 1 0.252874 0.121795 0.0277778 0.234808 -14.2941
9800 -0.11859 1 0.252874 0.121795 0.0277778 0.234808 -14.2941
9900 -0.11859 1 0.252874 0.121795 0.0277778 0.234808 -14.2941
10000 -0.11859 1 0.252874 0.121795 0.0277778 0.234808 -14.2941
10100 -0.11859 1 0.252874 0.121795 0.0277778 0.234808 -14.2941
10200 -0.11859 1 0.252874 0.121795 0.0277778 0.234808 -14.2941
10300 -0.11859 1 0.252874 0.121795 0.0277778 0.234808 -14.2941
10400 -0.11859 1 0.252874 0.121795 0.0277778 0.234808 -14.2941
10500 -0.11859 1 0.252874 0.121795 0.0277778 0.234808 -14.2941
10600 -0.11859 1 0.252874 0.121795 0.0277778 0.234808 -14.2941
10700 -0.11859 1 0.252874 0.121795 0.0277778 0.234808 -14.2941
10800 -0.11859 1 0.252874 0.121795 0.0277778 0.234808 -14.2941
10900 -0.11859 1 0.252874 0.121795 0.0277778 0.234808 -14.2941
11000 -0.11859 1 0.252874 0.121795 0.0277778 0.234808 -14.2941
11100 -0.11859 1 0.252874 0.121795 0.0277778 0.234808 -14.2941
11200 -0.11859 1 0.252874 0.121795 0.0277778 0.234808 -14.2941
11300 -0.11859 1 0.252874 0.121795 0.0277778 0.234808 -14.2941
11400 -0.11859 1 0.252874 0.121795 0.0277778 0.234808 -14.2941
11500 -0.11859 1 0.252874 0.121795 0.0277778 0.234808 -14.2941
11600 -0.11859 1 0.252874 0.121795 0.0277778 0.234808 -14.2941
11700 -0.11859 1 0.252874 0.121795 0.0277778 0.234808 -14.2941
11800 -0.11859 1 0.252874 0.121795 0.0277778 0.234808 -14.2941
11900 -0.11859 1 0.252874 0.121795 0.0277778 0.234808 -14.2941
12000 -0.11859 1 0.252874 0.121795 0.0277778 0.234808 -14.2941
12100 -0.11859 1 0.252874 0.121795 0.0277778 0.234808 -14.2941
12200 -0.11859 1 0.252874 0.121795 0.0277778 0.234808 -14.2941
12300 -0.11859 1 0.252874 0.121795 0.0277778 0.234808 -14.2941
12400 -0.11859 1 0.252874 0.121795 0.0277778 0.234808 -14.2941
12500 -0.11859 1 0.252874 0.121795 0.0277778 0.234808 -14.2941
12600 -0.11859 1 0.252874 0.121795 0.0277778 0.234808 -14.2941
12700 -0.11859 1 0.252874 0.121795 0.0277778 0.234808 -14.2941
12800 -0.11859 1 0.252874 0.121795 0.0277778 0.234808 -14.2941
12900 -0.11859 1 0.252874 0.121795 0.0277778 0.234808 -14.2941
13000 -0.11859 1 0.252874 0.121795 0.0277778 0.234808 -14.2941
13100 -0.11859 1 0.252874 0.121795 0.0277778 0.234808 -14.2941
13200 -0.11859 1 0.252874 0.121795 0.0277778 0.234808 -14.2941
13300 -0.11859 1 0.252874 0.121795 0.0277778 0.234808 -14.2941
13400 -0.11859 1 0.252874 0.121795 0.0277778 0.234808 -14.2941
13500 -0.11859 1 0.252874 0.121795 0.0277778 0.234808 -14.2941
13600 -0.11859 1 0.252874 0.121795 0.0277778 0.234808 -14.2941
13700 -0.11859 1 0.252874 0.121795 0.0277778 0.234808 -14.2941
13800 -0.11859 1 0.252874 0.121795 0.0277778 0.234808 -14.2941
13900 -0.11859 1 0.252874 0.121795 0.0277778 0.234808 -14.2941
14000 -0.11859 1 0.252874 0.121795 0.0277778 0.234808 -14.2941
14100 -0.11859 1 0.252874 0.121795 0.0277778 0.234808 -14.2941
14200 -0.11859 1 0.252874 0.121795 0.0277778 0.234808 -14.2941
14300 -0.11859 1 0.252874 0.121795 0.0277778 0.234808 -14.2941
14400 -0.11859 1 0.252874 0.121795 0.0277778 0.234808 -14.2941
14500 -0.11859 1 0.252874 0.121795 0.0277778 0.234808 -14.2941
14600 -0.11859 1 0.252874 0.121795 0.0277778 0.234808 -14.2941
14700 -0.11859 1 0.252874 0.121795 0.0277778 0.234808 -14.2941
14800 -0.11859 1 0.252874 0.121795 0.0277778 0.234808 -14.2941
14900 -0.11859 1 0.252874 0.121795 0.0277778 0.234808 -14.2941
15000 -0.11859 1 0.252874 0.121795 0.0277778 0.234808 -14.2941
15100 -0.11859 1 0.252874 0.121795 0.0277778 0.234808 -14.2941
15200 -0.11859 1 0.252874 0.121795 0.0277778 0.234808 -14.2941
15300 -0.11859 1 0.252874 0.121795 0.0277778 0.234808 -14.2941
15400 -0.11859 1 0.252874 0.121795 0.0277778 0.234808 -14.2941
15500 -0.11859 1 0.252874 0.121795 0.0277778 0.234808 -14.2941
15600 -0.11859 1 0.252874 0.121795 0.0277778 0.234808 -14.2941
15700 -0.11859 1 0.252874 0.121795 0.0277778 0.234808 -14.2941
15800 -0.11859 1 0.252874 0.121795 0.0277778 0.234808 -14.2941
15900 -0.11859 1 0.252874 0.121795 0.0277778 0.234808 -14.2941
16000 -0.11859 1 0.252874 0.121795 0.0277778 0.234808 -14.2941
16100 -0.11859 1 0.252874 0.121795 0.0277778 0.234808 -14.2941
16200 -0.11859 1 0.252874 0.121795 0.0277778 0.234808 -14.2941
16300 -0.11859 1 0.252874 0.121795 0.0277778 0.234808 -14.2941
16400 -0.11859 1 0.252874 0.121795 0.0277778 0.234808 -14.2941
16500 -0.11859 1 0.252874 0.121795 0.0277778 0.234808 -14.2941
16600 -0.11859 1 0.252874 0.121795 0.0277778 0.234808 -14.2941
16700 -0.11859 1 0.252874 0.121795 0.0277778 0.234808 -14.2941
16800 -0.11859 1 0.252874 0.121795 0.0277778 0.234808 -14.2941
16900 -0.11859 1 0.252874 0.121795 0.0277778 0.234808 -14.2941
17000 -0.11859 1 0.252874 0.121795 0.0277778 0.234808 -14.2941
17100 -0.11859 1 0.252874 0.121795 0.0277778 0.234808 -14.2941
17200 -0.11859 1 0.252874 0.121795 0.0277778 0.234808 -14.2941
17300 -0.11859 1 0.252874 0.121795 0.0277778 0.234808 -14.2941
17400 -0.11859 1 0.252874 0.121795 0.0277778 0.234808 -14.2941
17500 -0.11859 1 0.252874 0.121795 0.0277778 0.234808 -14.2941
17600 -0.11859 1 0.252874 0.121795 0.0277778 0.234808 -14.2941
17700 -0.11859 1 0.252874 0.121795 0.0277778 0.234808 -14.2941
17800 -0.11859 1 0.252874 0.121795 0.0277778 0.234808 -14.2941
17900 -0.11859 1 0.252874 0.121795 0.0277778 0.234808 -14.2941
18000 -0.11859 1 0.252874 0.121795 0.0277778 0.234808 -14.2941
18100 -0.11859 1 0.252874 0.121795 0.0277778 0.234808 -14.2941
18200 -0.11859 1 0.252874 0.121795 0.0277778 0.234808 -14.2941
18300 -0.11859 1 0.252874 0.121795 0.0277778 0.234808 -14.2941
18400 -0.11859 1 0.252874 0.121795 0.0277778 0.234808 -14.2941
18500 -0.11859 1 0.252874 0.121795 0.0277778 0.234808 -14.2941
18600 -0.11859 1 0.252874 0.121795 0.0277778 0.234808 -14.2941
18700 -0.11859 1 0.252874 0.121795 0.0277778 0.234808 -14.2941
18800 -0.11859 1 0.252874 0.121795 0.0277778 0.234808 -14.2941
18900 -0.11859 1 0.252874 0.121795 0.0277778 0.234808 -14.2941
19000 -0.11859 1 0.252874 0.121795 0.0277778 0.234808 -14.2941
19100 -0.11859 1 0.252874 0.121795 0.0277778 0.234808 -14.2941
19200 -0.11859 1 0.252874 0.121795 0.0277778 0.234808 -14.2941
19300 -0.11859 1 0.252874 0.121795 0.0277778 0.234808 -14.2941
19400 -0.11859 1 0.252874 0.121795 0.0277778 0.234808 -14.2941
19500 -0.11859 1 0.252874 0.121795 0.0277778 0.234808 -14.2941
19600 -0.11859 1 0.252874 0.121795 0.0277778 0.234808 -14.2941
19700 -0.11859 1 0.252874 0.121795 0.0277778 0.234808 -14.2941
19800 -0.11859 1 0.252874 0.121795 0.0277778 0.234808 -14.2941
19900 -0.11859 1 0.252874 0.121795 0.0277778 0.234808 -14.2941
20000 -0.11859 1 0.252874 0.121795 0.0277778 0.234808 -14.2941
20100 -0.11859 1 0.252874 0.121795 0.0277778 0.234808 -14.2941
20200 -0.11859 1 0.252874 0.121795 0.0277778 0.234808 -14.2941
20300 -0.11859 1 0.252874 0.121795 0.0277778 0.234808 -14.2941
20400 -0.11859 1 0.252874 0.121795 0.0277778 0.234808 -14.2941
20500 -0.11859 1 0.252874 0.121795 0.0277778 0.234808 -14.2941
20600 -0.11859 1 0.252874 0.121795 0.0277778 0.234808 -14.2941
20700 -0.11859 1 0.252874 0.121795 0.0277778 0.234808 -14.2941
20800 -0.11859 1 0.252874 0.121795 0.0277778 0.234808 -14.2941
20900 -0.11859 1 0.252874 0.121795 0.0277778 0.234808 -14.2941
21000 -0.11859 1 0.252874 0.121795 0.0277778 0.234808 -14.2941
21100 -0.11859 1 0.252874 0.121795 0.0277778 0.234808 -14.2941
21200 -0.11859 1 0.252874 0.121795 0.0277778 0.234808 -14.2941
21300 -0.11859 1 0.252874 0.121795 0.0277778 0.234808 -14.2941
21400 -0.11859 1 0.252874 0.121795 0.0277778 0.234808 -14.2941
21500 -0.11859 1 0.252874 0.121795 0.0277778 0.234808 -14.2941
21600 -0.11859 1 0.252874 0.121795 0.0277778 0.234808 -14.2941
21700 -0.11859 1 0.252874 0.121795 0.0277778 0.234808 -14.2941
21800 -0.11859 1 0.252874 0.121795 0.0277778 0.234808 -14.2941
21900 -0.11859 1 0.252874 0.121795 0.0277778 0.234808 -14.2941
22000 -0.11859 1 0.252874 0.121795 0.0277778 0.234808 -14.2941
22100 -0.11859 1 0.252874 0.121795 0.0277778 0.234808 -14.2941
22200 -0.11859 1 0.252874 0.121795 0.0277778 0.234808 -14.2941
22300 -0.11859 1 0.252874 0.121795 0.0277778 0.234808 -14.2941
22400 -0.11859 1 0.252874 0.121795 0.0277778 0.234808 -14.2941
22500 -0.11859 1 0.252874 0.121795 0.0277778 0.234808 -14.2941
22600 -0.11859 1 0.252874 0.121795 0.0277778 0.234808 -14.2941
22700 -0.11859 1 0.252874 0.121795 0.0277778 0.234808 -14.2941
22800 -0.11859 1 0.252874 0.121795 0.0277778 0.234808 -14.2941
22900 -0.11859 1 0.252874 0.121795 0.0277778 0.234808 -14.2941
23000 -0.11859 1 0.252874 0.121795 0.0277778 0.234808 -14.2941
23100 -0.11859 1 0.252874 0.121795 0.0277778 0.234808 -14.2941
23200 -0.11859 1 0.252874 0.121795 0.0277778 0.234808 -14.2941
23300 -0.11859 1 0.252874 0.121795 0.0277778 0.234808 -14.2941
23400 -0.11859 1 0.252874 0.121795 0.0277778 0.234808 -14.2941
23500 -0.11859 1 0.252874 0.121795 0.0277778 0.234808 -14.2941
23600 -0.11859 1 0.252874 0.121795 0.0277778 0.234808 -14.2941
23700 -0.11859 1 0.252874 0.121795 0.0277778 0.234808 -14.2941
23800 -0.11859 1 0.252874 0.121795 0.0277778 0.234808 -14.2941
23900 -0.11859 1 0.252874 0.121795 0.0277778 0.234808 -14.2941
24000 -0.11859 1 0.252874 0.121795 0.0277778 0.234808 -14.2941
24100 -0.11859 1 0.252874 0.121795 0.0277778 0.234808 -14.2941
24200 -0.11859 1 0.252874 0.121795 0.0277778 0.234808 -14.2941
24300 -0.11859 1 0.252874 0.121795 0.0277778 0.234808 -14.2941
24400 -0.11859 1 0.252874 0.121795 0.0277778 0.234808 -14.2941
24500 -0.11859 1 0.252874 0.121795 0.0277778 0.234808 -14.2941
24600 -0.11859 1 0.252874 0.121795 0.0277778 0.234808 -14.2941
24700 -0.11859 1 0.252874 0.121795 0.0277778 0.234808 -14.2941
24800 -0.11859 1 0.252874 0.121795 0.0277778 0.234808 -14.2941
24900 -0.11859 1 0.252874 0.121795 0.0277778 0.234808 -14.2941
25000 -0.11859 1 0.252874 0.121795 0.0277778 0.234808 -14.2941
25100 -0.11859 1 0.252874 0.121795 0.0277778 0.234808 -14.2941
25200 -0.11859 1 0.252874 0.121795 0.0277778 0.234808 -14.2941
25300 -0.11859 1 0.252874 0.121795 0.0277778 0.234808 -14.2941
25400 -0.11859 1 0.252874 0.121795 0.0277778 0.234808 -14.2941
25500 -0.11859 1 0.252874 0.121795 0.0277778 0.234808 -14.2941
25600 -0.11859 1 0.252874 0.121795 0.0277778 0.234808 -14.2941
25700 -0.11859 1 0.252874 0.121795 0.0277778 0.234808 -14.2941
25800 -0.11859 1 0.252874 0.121795 0.0277778 0.234808 -14.2941
25900 -0.11859 1 0.252874 0.121795 0.0277778 0.234808 -14.2941
26000 -0.11859 1 0.252874 0.121795 0.0277778 0.234808 -14.2941
26100 -0.11859 1 0.252874 0.121795 0.0277778 0.234808 -14.2941
26200 -0.11859 1 0.252874 0.121795 0.0277778 0.234808 -14.2941
26300 -0.11859 1 0.252874 0.121795 0.0277778 0.234808 -14.2941
26400 -0.11859 1 0.252874 0.121795 0.0277778 0.234808 -14.2941
26500 -0.11859 1 0.252874 0.121795 0.0277778 0.234808 -14.2941
26600 -0.11859 1 0.252874 0.121795 0.0277778 0.234808 -14.2941
26700 -0.11859 1 0.252874 0.121795 0.0277778 0.234808 -14.2941
26800 -0.11859 1 0.252874 0.121795 0.0277778 0.234808 -14.2941
26900 -0.11859 1 0.252874 0.121795 0.0277778 0.234808 -14.2941
27000 -0.11859 1 0.252874 0.121795 0.0277778 0.234808 -14.2941
27100 -0.11859 1 0.252874 0.121795 0.0277778 0.234808 -14.2941
27200 -0.11859 1 0.252874 0.121795 0.0277778 0.234808 -14.2941
27300 -0.11859 1 0.252874 0.121795 0.0277778 0.234808 -14.2941
27400 -0.11859 1 0.252874 0.121795 0.0277778 0.234808 -14.2941
27500 -0.11859 1 0.252874 0.121795 0.0277778 0.234808 -14.2941
27600 -0.11859 1 0.252874 0.121795 0.0277778 0.234808 -14.2941
27700 -0.11859 1 0.252874 0.121795 0.0277778 0.234808 -14.2941
27800 -0.11859 1 0.252874 0.121795 0.0277778 0.234808 -14.2941
27900 -0.11859 1 0.252874 0.121795 0.0277778 0.234808 -14.2941
28000 -0.11859 1 0.252874 0.121795 0.0277778 0.234808 -14.2941
28100 -0.11859 1 0.252874 0.121795 0.0277778 0.234808 -14.2941
28200 -0.11859 1 0.252874 0.121795 0.0277778 0.234808 -14.2941
28300 -0.11859 1 0.252874 0.121795 0.0277778 0.234808 -14.2941
28400 -0.11859 1 0.252874 0.121795 0.0277778 0.234808 -14.2941
28500 -0.11859 1 0.252874 0.121795 0.0277778 0.234808 -14.2941
28600 -0.11859 1 0.252874 0.121795 0.0277778 0.234808 -14.2941
28700 -0.11859 1 0.252874 0.121795 0.0277778 0.234808 -14.2941
28800 -0.11859 1 0.252874 0.121795 0.0277778 0.234808 -14.2941
28900 -0.11859 1 0.252874 0.121795 0.0277778 0.234808 -14.2941
29000 -0.11859 1 0.252874 0.121795 0.0277778 0.234808 -14.2941
29100 -0.11859 1 0.252874 0.121795 0.0277778 0.234808 -14.2941
29200 -0.11859 1 0.252874 0.121795 0.0277778 0.234808 -14.2941
29300 -0.11859 1 0.252874 0.121795 0.0277778 0.234808 -14.2941
29400 -0.11859 1 0.252874 0.121795 0.0277778 0.234808 -14.2941
29500 -0.11859 1 0.252874 0.121795 0.0277778 0.234808 -14.2941
29600 -0.11859 1 0.252874 0.121795 0.0277778 0.234808 -14.2941
29700 -0.11859 1 0.252874 0.121795 0.0277778 0.234808 -14.2941
29800 -0.11859 1 0.252874 0.121795 0.0277778 0.234808 -14.2941
29900 -0.11859 1 0.252874 0.121795 0.0277778 0.234808 -14.2941
30000 -0.11859 1 0.252874 0.121795 0.0277778 0.234808 -14.2941
30100 -0.11859 1 0.252874 0.121795 0.0277778 0.234808 -14.2941
30200 -0.11859 1 0.252874 0.121795 0.0277778 0.234808 -14.2941
30300 -0.11859 1 0.252874 0.121795 0.0277778 0.234808 -14.2941
30400 -0.11859 1 0.252874 0.121795 0.0277778 0.234808 -14.2941
30500 -0.11859 1 0.252874 0.121795 0.0277778 0.234808 -14.2941
30600 -0.11859 1 0.252874 0.121795 0.0277778 0.234808 -14.2941
30700 -0.11859 1 0.252874 0.121795 0.0277778 0.234808 -14.2941
30800 -0.11859 1 0.252874 0.121795 0.0277778 0.234808 -14.2941
30900 -0.11859 1 0.252874 0.121795 0.0277778 0.234808 -14.2941
31000 -0.11859 1 0.252874 0.121795 0.0277778 0.234808 -14.2941
31100 -0.11859 1 0.252874 0.121795 0.0277778 0.234808 -14.2941
31200 -0.11859 1 0.252874 0.121795 0.0277778 0.234808 -14.2941
31300 -0.11859 1 0.252874 0.121795 0.0277778 0.234808 -14.2941
31400 -0.11859 1 0.252874 0.121795 0.0277778 0.234808 -14.2941
31500 -0.11859 1 0.252874 0.121795 0.0277778 0.234808 -14.2941
31600 -0.11859 1 0.252874 0.121795 0.0277778 0.234808 -14.2941
31700 -0.11859 1 0.252874 0.121795 0.0277778 0.234808 -14.2941
31800 -0.11859 1 0.252874 0.121795 0.0277778 0.234808 -14.2941
31900 -0.11859 1 0.252874 0.121795 0.0277778 0.234808 -14.2941
32000 -0.11859 1 0.252874 0.121795 0.0277778 0.234808 -14.2941
32100 -0.11859 1 0.252874 0.121795 0.0277778 0.234808 -14.2941
32200 -0.11859 1 0.252874 0.121795 0.0277778 0.234808 -14.2941
32300 -0.11859 1 0.252874 0.121795 0.0277778 0.234808 -14.2941
32400 -0.11859 1 0.252874 0.121795 0.0277778 0.234808 -14.2941
32500 -0.11859 1 0.252874 0.121795 0.0277778 0.234808 -14.2941
32600 -0.11859 1 0.252874 0.121795 0.0277778 0.234808 -14.2941
32700 -0.11859 1 0.252874 0.121795 0.0277778 0.234808 -14.2941
32800 -0.11859 1 0.252874 0.121795 0.0277778 0.234808 -14.2941
32900 -0.11859 1 0.252874 0.121795 0.0277778 0.234808 -14.2941
33000 -0.11859 1 0.252874 0.121795 0.0277778 0.234808 -14.2941
33100 -0.11859 1 0.252874 0.121795 0.0277778 0.234808 -14.2941
33200 -0.11859 1 0.252874 0.121795 0.0277778 0.234808 -14.2941
33300 -0.11859 1 0.252874 0.121795 0.0277778 0.234808 -14.2941
33400 -0.11859 1 0.252874 0.121795 0.0277778 0.234808 -14.2941
33500 -0.11859 1 0.252874 0.121795 0.0277778 0.234808 -14.2941
33600 -0.11859 1 0.252874 0.121795 0.0277778 0.234808 -14.2941
33700 -0.11859 1 0.252874 0.121795 0.0277778 0.234808 -14.2941
33800 -0.11859 1 0.252874 0.121795 0.0277778 0.234808 -14.2941
33900 -0.11859 1 0.252874 0.121795 0.0277778 0.234808 -14.2941
34000 -0.11859 1 0.252874 0.121795 0.0277778 0.234808 -14.2941
34100 -0.11859 1 0.252874 0.121795 0.0277778 0.234808 -14.2941
34200 -0.11859 1 0.252874 0.121795 0.0277778 0.234808 -14.2941
34300 -0.11859 1 0.252874 0.121795 0.0277778 0.234808 -14.2941
34400 -0.11859 1 0.252874 0.121795 0.0277778 0.234808 -14.2941
34500 -0.11859 1 0.252874 0.121795 0.0277778 0.234808 -14.2941
34600 -0.11859 1 0.252874 0.121795 0.0277778 0.234808 -14.2941
34700 -0.11859 1 0.252874 0.121795 0.0277778 0.234808 -14.2941
34800 -0.11859 1 0.252874 0.121795 0.0277778 0.234808 -14.2941
34900 -0.11859 1 0.252874 0.121795 0.0277778 0.234808 -14.2941
35000 -0.11859 1 0.252874 0.121795 0.0277778 0.234808 -14.2941
35100 -0.11859 1 0.252874 0.121795 0.0277778 0.234808 -14.2941
35200 -0.11859 1 0.252874 0.121795 0.0277778 0.234808 -14.2941
35300 -0.11859 1 0.252874 0.121795 0.0277778 0.234808 -14.2941
35400 -0.11859 1 0.252874 0.121795 0.0277778 0.234808 -14.2941
35500 -0.11859 1 0.252874 0.121795 0.0277778 0.234808 -14.2941
35600 -0.11859 1 0.252874 0.121795 0.0277778 0.234808 -14.2941
35700 -0.11859 1 0.252874 0.121795 0.0277778 0.234808 -14.2941
35800 -0.11859 1 0.252874 0.121795 0.0277778 0.234808 -14.2941
35900 -0.11859 1 0.252874 0.121795 0.0277778 0.234808 -14.2941
36000 -0.11859 1 0.252874 0.121795 0.0277778 0.234808 -14.2941
36100 -0.11859 1 0.252874 0.121795 0.0277778 0.234808 -14.2941
36200 -0.11859 1 0.252874 0.121795 0.0277778 0.234808 -14.2941
36300 -0.11859 1 0.252874 0.121795 0.0277778 0.234808 -14.2941
36400 -0.11859 1 0.252874 0.121795 0.0277778 0.234808 -14.2941
36500 -0.11859 1 0.252874 0.121795 0.0277778 0.234808 -14.2941
36600 -0.11859 1 0.252874 0.121795 0.0277778 0.234808 -14.2941
36700 -0.11859 1 0.252874 0.121795 0.0277778 0.234808 -14.2941
36800 -0.11859 1 0.252874 0.121795 0.0277778 0.234808 -14.2941
36900 -0.11859 1 0.252874 0.121795 0.0277778 0.234808 -14.2941
37000 -0.11859 1 0.252874 0.121795 0.0277778 0.234808 -14.2941
37100 -0.11859 1 0.252874 0.121795 0.0277778 0.234808 -14.2941
37200 -0.11859 1 0.252874 0.121795 0.0277778 0.234808 -14.2941
37300 -0.11859 1 0.252874 0.121795 0.0277778 0.234808 -14.2941
37400 -0.11859 1 0.252874 0.121795 0.0277778 0.234808 -14.2941
37500 -0.11859 1 0.252874 0.121795 0.0277778 0.234808 -14.2941
37600 -0.11859 1 0.252874 0.121795 0.0277778 0.234808 -14.2941
37700 -0.11859 1 0.252874 0.121795 0.0277778 0.234808 -14.2941
37800 -0.11859 1 0.252874 0.121795 0.0277778 0.234808 -14.2941
37900 -0.11859 1 0.252874 0.121795 0.0277778 0.234808 -14.2941
38000 -0.11859 1 0.252874 0.121795 0.0277778 0.234808 -14.2941
38100 -0.11859 1 0.252874 0.121795 0.0277778 0.234808 -14.2941
38200 -0.11859 1 0.252874 0.121795 0.0277778 0.234808 -14.2941
38300 -0.11859 1 0.252874 0.121795 0.0277778 0.234808 -14.2941
38400 -0.11859 1 0.252874 0.121795 0.0277778 0.234808 -14.2941
38500 -0.11859 1 0.252874 0.121795 0.0277778 0.234808 -14.2941
38600 -0.11859 1 0.252874 0.121795 0.0277778 0.234808 -14.2941
38700 -0.11859 1 0.252874 0.121795 0.0277778 0.234808 -14.2941
38800 -0.11859 1 0.252874 0.121795 0.0277778 0.234808 -14.2941
38900 -0.11859 1 0.252874 0.121795 0.0277778 0.234808 -14.2941
39000 -0.11859 1 0.252874 0.121795 0.0277778 0.234808 -14.2941
39100 -0.11859 1 0.252874 0.121795 0.0277778 0.234808 -14.2941
39200 -0.11859 1 0.252874 0.121795 0.0277778 0.234808 -14.2941
39300 -0.11859 1 0.252874 0.121795 0.0277778 0.234808 -14.2941
39400 -0.11859 1 0.252874 0.121795 0.0277778 0.234808 -14.2941
39500 -0.11859 1 0.252874 0.121795 0.0277778 0.234808 -14.2941
39600 -0.11859 1 0.252874 0.121795 0.0277778 0.234808 -14.2941
39700 -0.11859 1 0.252874 0.121795 0.0277778 0.234808 -14.2941
39800 -0.11859 1 0.252874 0.121795 0.0277778 0.234808 -14.2941
39900 -0.11859 1 0.252874 0.121795 0.0277778 0.234808 -14.2941
40000 -0.11859 1 0.252874 0.121795 0.0277778 0.234808 -14.2941
40100 -0.11859 1 0.252874 0.121795 0.0277778 0.234808 -14.2941
40200 -0.11859 1 0.252874 0.121795 0.0277778 0.234808 -14.2941
40300 -0.11859 1 0.252874 0.121795 0.0277778 0.234808 -14.2941
40400 -0.11859 1 0.252874 0.121795 0.0277778 0.234808 -14.2941
40500 -0.11859 1 0.252874 0.121795 0.0277778 0.234808 -14.2941
40600 -0.11859 1 0.252874 0.121795 0.0277778 0.234808 -14.2941
40700 -0.11859 1 0.252874 0.121795 0.0277778 0.234808 -14.2941
40800 -0.11859 1 0.252874 0.121795 0.0277778 0.234808 -14.2941
40900 -0.11859 1 0.252874 0.121795 0.0277778 0.234808 -14.2941
41000 -0.11859 1 0.252874 0.121795 0.0277778 0.234808 -14.2941
41100 -0.11859 1 0.252874 0.121795 0.0277778 0.234808 -14.2941
41200 -0.11859 1 0.252874 0.121795 0.0277778 0.234808 -14.2941
41300 -0.11859 1 0.252874 0.121795 0.0277778 0.234808 -14.2941
41400 -0.11859 1 0.252874 0.121795 0.0277778 0.234808 -14.2941
41500 -0.11859 1 0.252874 0.121795 0.0277778 0.234808 -14.2941
41600 -0.11859 1 0.252874 0.121795 0.0277778 0.234808 -14.2941
41700 -0.11859 1 0.252874 0.121795 0.0277778 0.234808 -14.2941
41800 -0.11859 1 0.252874 0.121795 0.0277778 0.234808 -14.2941
41900 -0.11859 1 0.252874 0.121795 0.0277778 0.234808 -14.2941
42000 -0.11859 1 0.252874 0.121795 0.0277778 0.234808 -14.2941
42100 -0.11859 1 0.252874 0.121795 0.0277778 0.234808 -14.2941
42200 -0.11859 1 0.252874 0.121795 0.0277778 0.234808 -14.2941
42300 -0.11859 1 0.252874 0.121795 0.0277778 0.234808 -14.2941
42400 -0.11859 1 0.252874 0.121795 0.0277778 0.234808 -14.2941
42500 -0.11859 1 0.252874 0.121795 0.0277778 0.234808 -14.2941
42600 -0.11859 1 0.252874 0.121795 0.0277778 0.234808 -14.2941
42700 -0.11859 1 0.252874 0.121795 0.0277778 0.234808 -14.2941
42800 -0.11859 1 0.252874 0.121795 0.0277778 0.234808 -14.2941
42900 -0.11859 1 0.252874 0.121795 0.0277778 0.234808 -14.2941
43000 -0.11859 1 0.252874 0.121795 0.0277778 0.234808 -14.2941
43100 -0.11859 1 0.252874 0.121795 0.0277778 0.234808 -14.2941
43200 -0.11859 1 0.252874 0.121795 0.0277778 0.234808 -14.2941
43300 -0.11859 1 0.252874 0.121795 0.0277778 0.234808 -14.2941
43400 -0.11859 1 0.252874 0.121795 0.0277778 0.234808 -14.2941
43500 -0.11859 1 0.252874 0.121795 0.0277778 0.234808 -14.2941
43600 -0.11859 1 0.252874 0.121795 0.0277778 0.234808 -14.2941
43700 -0.11859 1 0.252874 0.121795 0.0277778 0.234808 -14.2941
43800 -0.11859 1 0.252874 0.121795 0.0277778 0.234808 -14.2941
43900 -0.11859 1 0.252874 0.121795 0.0277778 0.234808 -14.2941
44000 -0.11859 1 0.252874 0.121795 0.0277778 0.234808 -14.2941
44100 -0.11859 1 0.252874 0.121795 0.0277778 0.234808 -14.2941
44200 -0.11859 1 0.252874 0.121795 0.0277778 0.234808 -14.2941
44300 -0.11859 1 0.252874 0.121795 0.0277778 0.234808 -14.2941
44400 -0.11859 1 0.252874 0.121795 0.0277778 0.234808 -14.2941
44500 -0.11859 1 0.252874 0.121795 0.0277778 0.234808 -14.2941
44600 -0.11859 1 0.252874 0.121795 0.0277778 0.234808 -14.2941
44700 -0.11859 1 0.252874 0.121795 0.0277778 0.234808 -14.2941
44800 -0.11859 1 0.252874 0.121795 0.0277778 0.234808 -14.2941
44900 -0.11859 1 0.252874 0.121795 0.0277778 0.234808 -14.2941
45000 -0.11859 1 0.252874 0.121795 0.0277778 0.234808 -14.2941
45100 -0.11859 1 0.252874 0.121795 0.0277778 0.234808 -14.2941
45200 -0.11859 1 0.252874 0.121795 0.0277778 0.234808 -14.2941
45300 -0.11859 1 0.252874 0.121795 0.0277778 0.234808 -14.2941
45400 -0.11859 1 0.252874 0.121795 0.0277778 0.234808 -14.2941
45500 -0.11859 1 0.252874 0.121795 0.0277778 0.234808 -14.2941
45600 -0.11859 1 0.252874 0.121795 0.0277778 0.234808 -14.2941
45700 -0.11859 1 0.252874 0.121795 0.0277778 0.234808 -14.2941
45800 -0.11859 1 0.252874 0.121795 0.0277778 0.234808 -14.2941
45900 -0.11859 1 0.252874 0.121795 0.0277778 0.234808 -14.2941
46000 -0.11859 1 0.252874 0.121795 0.0277778 0.234808 -14.2941
46100 -0.11859 1 0.252874 0.121795 0.0277778 0.234808 -14.2941
46200 -0.11859 1 0.252874 0.121795 0.0277778 0.234808 -14.2941
46300 -0.11859 1 0.252874 0.121795 0.0277778 0.234808 -14.2941
46400 -0.11859 1 0.252874 0.121795 0.0277778 0.234808 -14.2941
46500 -0.11859 1 0.252874 0.121795 0.0277778 0.234808 -14.2941
46600 -0.11859 1 0.252874 0.121795 0.0277778 0.234808 -14.2941
46700 -0.11859 1 0.252874 0.121795 0.0277778 0.234808 -14.2941
46800 -0.11859 1 0.252874 0.121795 0.0277778 0.234808 -14.2941
46900 -0.11859 1 0.252874 0.121795 0.0277778 0.234808 -14.2941
47000 -0.11859 1 0.252874 0.121795 0.0277778 0.234808 -14.2941
47100 -0.11859 1 0.252874 0.121795 0.0277778 0.234808 -14.2941
47200 -0.11859 1 0.252874 0.121795 0.0277778 0.234808 -14.2941
47300 -0.11859 1 0.252874 0.121795 0.0277778 0.234808 -14.2941
47400 -0.11859 1 0.252874 0.121795 0.0277778 0.234808 -14.2941
47500 -0.11859 1 0.252874 0.121795 0.0277778 0.234808 -14.2941
47600 -0.11859 1 0.252874 0.121795 0.0277778 0.234808 -14.2941
47700 -0.11859 1 0.252874 0.121795 0.0277778 0.234808 -14.2941
47800 -0.11859 1 0.252874 0.121795 0.0277778 0.234808 -14.2941
47900 -0.11859 1 0.252874 0.121795 0.0277778 0.234808 -14.2941
48000 -0.11859 1 0.252874 0.121795 0.0277778 0.234808 -14.2941
48100 -0.11859 1 0.252874 0.121795 0.0277778 0.234808 -14.2941
48200 -0.11859 1 0.252874 0.121795 0.0277778 0.234808 -14.2941
48300 -0.11859 1 0.252874 0.121795 0.0277778 0.234808 -14.2941
48400 -0.11859 1 0.252874 0.121795 0.0277778 0.234808 -14.2941
48500 -0.11859 1 0.252874 0.121795 0.0277778 0.234808 -14.2941
48600 -0.11859 1 0.252874 0.121795 0.0277778 0.234808 -14.2941
48700 -0.11859 1 0.252874 0.121795 0.0277778 0.234808 -14.2941
48800 -0.11859 1 0.252874 0.121795 0.0277778 0.234808 -14.2941
48900 -0.11859 1 0.252874 0.121795 0.0277778 0.234808 -14.2941
49000 -0.11859 1 0.252874 0.121795 0.0277778 0.234808 -14.2941
49100 -0.11859 1 0.252874 0.121795 0.0277778 0.234808 -14.2941
49200 -0.11859 1 0.252874 0.121795 0.0277778 0.234808 -14.2941
49300 -0.11859 1 0.252874 0.121795 0.0277778 0.234808 -14.2941
49400 -0.11859 1 0.252874 0.121795 0.0277778 0.234808 -14.2941
49500 -0.11859 1 0.252874 0.121795 0.0277778 0.234808 -14.2941
49600 -0.11859 1 0.252874 0.121795 0.0277778 0.234808 -14.2941
49700 -0.11859 1 0.252874 0.121795 0.0277778 0.234808 -14.2941
49800 -0.11859 1 0.252874 0.121795 0.0277778 0.234808 -14.2941
49900 -0.11859 1 0.252874 0.121795 0.0277778 0.234808 -14.2941
50000 -0.11859 1 0.252874 0.121795 0.0277778 0.234808 -14.2941
50100 -0.11859 1 0.252874 0.121795 0.0277778 0.234808 -14.2941
50200 -0.11859 1 0.252874 0.121795 0.0277778 0.234808 -14.2941
50300 -0.11859 1 0.252874 0.121795 0.0277778 0.234808 -14.2941
50400 -0.11859 1 0.252874 0.121795 0.0277778 0.234808 -14.2941
50500 -0.11859 1 0.252874 0.121795 0.0277778 0.234808 -14.2941
50600 -0.11859 1 0.252874 0.121795 0.0277778 0.234808 -14.2941
50700 -0.11859 1 0.252874 0.121795 0.0277778 0.234808 -14.2941
50800 -0.11859 1 0.252874 0.121795 0.0277778 0.234808 -14.2941
50900 -0.11859 1 0.252874 0.121795 0.0277778 0.234808 -14.2941
51000 -0.11859 1 0.252874 0.121795 0.0277778 0.234808 -14.2941
51100 -0.11859 1 0.252874 0.121795 0.0277778 0.234808 -14.2941
51200 -0.11859 1 0.252874 0.121795 0.0277778 0.234808 -14.2941
51300 -0.11859 1 0.252874 0.121795 0.0277778 0.234808 -14.2941
51400 -0.11859 1 0.252874 0.121795 0.0277778 0.234808 -14.2941
51500 -0.11859 1 0.252874 0.121795 0.0277778 0.234808 -14.2941
51600 -0.11859 1 0.252874 0.121795 0.0277778 0.234808 -14.2941
51700 -0.11859 1 0.252874 0.121795 0.0277778 0.234808 -14.2941
51800 -0.11859 1 0.252874 0.121795 0.0277778 0.234808 -14.2941
51900 -0.11859 1 0.252874 0.121795 0.0277778 0.234808 -14.2941
52000 -0.11859 1 0.252874 0.121795 0.0277778 0.234808 -14.2941
52100 -0.11859 1 0.252874 0.121795 0.0277778 0.234808 -14.2941
52200 -0.11859 1 0.252874 0.121795 0.0277778 0.234808 -14.2941
52300 -0.11859 1 0.252874 0.121795 0.0277778 0.234808 -14.2941
52400 -0.11859 1 0.252874 0.121795 0.0277778 0.234808 -14.2941
52500 -0.11859 1 0.252874 0.121795 0.0277778 0.234808 -14.2941
52600 -0.11859 1 0.252874 0.121795 0.0277778 0.234808 -14.2941
52700 -0.11859 1 0.252874 0.121795 0.0277778 0.234808 -14.2941
52800 -0.11859 1 0.252874 0.121795 0.0277778 0.234808 -14.2941
52900 -0.11859 1 0.252874 0.121795 0.0277778 0.234808 -14.2941
53000 -0.11859 1 0.252874 0.121795 0.0277778 0.234808 -14.2941
53100 -0.11859 1 0.252874 0.121795 0.0277778 0.234808 -14.2941
53200 -0.11859 1 0.252874 0.121795 0.0277778 0.234808 -14.2941
53300 -0.11859 1 0.252874 0.121795 0.0277778 0.234808 -14.2941
53400 -0.11859 1 0.252874 0.121795 0.0277778 0.234808 -14.2941
53500 -0.11859 1 0.252874 0.121795 0.0277778 0.234808 -14.2941
53600 -0.11859 1 0.252874 0.121795 0.0277778 0.234808 -14.2941
53700 -0.11859 1 0.252874 0.121795 0.0277778 0.234808 -14.2941
53800 -0.11859 1 0.252874 0.121795 0.0277778 0.234808 -14.2941
53900 -0.11859 1 0.252874 0.121795 0.0277778 0.234808 -14.2941
54000 -0.11859 1 0.252874 0.121795 0.0277778 0.234808 -14.2941
54100 -0.11859 1 0.252874 0.121795 0.0277778 0.234808 -14.2941
54200 -0.11859 1 0.252874 0.121795 0.0277778 0.234808 -14.2941
54300 -0.11859 1 0.252874 0.121795 0.0277778 0.234808 -14.2941
54400 -0.11859 1 0.252874 0.121795 0.0277778 0.234808 -14.2941
54500 -0.11859 1 0.252874 0.121795 0.0277778 0.234808 -14.2941
54600 -0.11859 1 0.252874 0.121795 0.0277778 0.234808 -14.2941
54700 -0.11859 1 0.252874 0.121795 0.0277778 0.234808 -14.2941
54800 -0.11859 1 0.252874 0.121795 0.0277778 0.234808 -14.2941
54900 -0.11859 1 0.252874 0.121795 0.0277778 0.234808 -14.2941
55000 -0.11859 1 0.252874 0.121795 0.0277778 0.234808 -14.2941
55100 -0.11859 1 0.252874 0.121795 0.0277778 0.234808 -14.2941
55200 -0.11859 1 0.252874 0.121795 0.0277778 0.234808 -14.2941
55300 -0.11859 1 0.252874 0.121795 0.0277778 0.234808 -14.2941
55400 -0.11859 1 0.252874 0.121795 0.0277778 0.234808 -14.2941
55500 -0.11859 1 0.252874 0.121795 0.0277778 0.234808 -14.2941
55600 -0.11859 1 0.252874 0.121795 0.0277778 0.234808 -14.2941
55700 -0.11859 1 0.252874 0.121795 0.0277778 0.234808 -14.2941
55800 -0.11859 1 0.252874 0.121795 0.0277778 0.234808 -14.2941
55900 -0.11859 1 0.252874 0.121795 0.0277778 0.234808 -14.2941
56000 -0.11859 1 0.252874 0.121795 0.0277778 0.234808 -14.2941
56100 -0.11859 1 0.252874 0.121795 0.0277778 0.234808 -14.2941
56200 -0.11859 1 0.252874 0.121795 0.0277778 0.234808 -14.2941
56300 -0.11859 1 0.252874 0.121795 0.0277778 0.234808 -14.2941
56400 -0.11859 1 0.252874 0.121795 0.0277778 0.234808 -14.2941
56500 -0.11859 1 0.252874 0.121795 0.0277778 0.234808 -14.2941
56600 -0.11859 1 0.252874 0.121795 0.0277778 0.234808 -14.2941
56700 -0.11859 1 0.252874 0.121795 0.0277778 0.234808 -14.2941
56800 -0.11859 1 0.252874 0.121795 0.0277778 0.234808 -14.2941
56900 -0.11859 1 0.252874 0.121795 0.0277778 0.234808 -14.2941
57000 -0.11859 1 0.252874 0.121795 0.0277778 0.234808 -14.2941
57100 -0.11859 1 0.252874 0.121795 0.0277778 0.234808 -14.2941
57200 -0.11859 1 0.252874 0.121795 0.0277778 0.234808 -14.2941
57300 -0.11859 1 0.252874 0.121795 0.0277778 0.234808 -14.2941
57400 -0.11859 1 0.252874 0.121795 0.0277778 0.234808 -14.2941
57500 -0.11859 1 0.252874 0.121795 0.0277778 0.234808 -14.2941
57600 -0.11859 1 0.252874 0.121795 0.0277778 0.234808 -14.2941
57700 -0.11859 1 0.252874 0.121795 0.0277778 0.234808 -14.2941
57800 -0.11859 1 0.252874 0.121795 0.0277778 0.234808 -14.2941
57900 -0.11859 1 0.252874 0.121795 0.0277778 0.234808 -14.2941
58000 -0.11859 1 0.252874 0.121795 0.0277778 0.234808 -14.2941
58100 -0.11859 1 0.252874 0.121795 0.0277778 0.234808 -14.2941
58200 -0.11859 1 0.252874 0.121795 0.0277778 0.234808 -14.2941
58300 -0.11859 1 0.252874 0.121795 0.0277778 0.234808 -14.2941
58400 -0.11859 1 0.252874 0.121795 0.0277778 0.234808 -14.2941
58500 -0.11859 1 0.252874 0.121795 0.0277778 0.234808 -14.2941
58600 -0.11859 1 0.252874 0.121795 0.0277778 0.234808 -14.2941
58700 -0.11859 1 0.252874 0.121795 0.0277778 0.234808 -14.2941
58800 -0.11859 1 0.252874 0.121795 0.0277778 0.234808 -14.2941
58900 -0.11859 1 0.252874 0.121795 0.0277778 0.234808 -14.2941
59000 -0.11859 1 0.252874 0.121795 0.0277778 0.234808 -14.2941
59100 -0.11859 1 0.252874 0.121795 0.0277778 0.234808 -14.2941
59200 -0.11859 1 0.252874 0.121795 0.0277778 0.234808 -14.2941
59300 -0.11859 1 0.252874 0.121795 0.0277778 0.234808 -14.2941
59400 -0.11859 1 0.252874 0.121795 0.0277778 0.234808 -14.2941
59500 -0.11859 1 0.252874 0.121795 0.0277778 0.234808 -14.2941
59600 -0.11859 1 0.252874 0.121795 0.0277778 0.234808 -14.2941
59700 -0.11859 1 0.252874 0.121795 0.0277778 0.234808 -14.2941
59800 -0.11859 1 0.252874 0.121795 0.0277778 0.234808 -14.2941
59900 -0.11859 1 0.252874 0.121795 0.0277778 0.234808 -14.2941
60000 -0.11859 1 0.252874 0.121795 0.0277778 0.234808 -14.2941
60100 -0.11859 1 0.252874 0.121795 0.0277778 0.234808 -14.2941
60200 -0.11859 1 0.252874 0.121795 0.0277778 0.234808 -14.2941
60300 -0.11859 1 0.252874 0.121795 0.0277778 0.234808 -14.2941
60400 -0.11859 1 0.252874 0.121795 0.0277778 0.234808 -14.2941
60500 -0.11859 1 0.252874 0.121795 0.0277778 0.234808 -14.2941
60600 -0.11859 1 0.252874 0.121795 0.0277778 0.234808 -14.2941
60700 -0.11859 1 0.252874 0.121795 0.0277778 0.234808 -14.2941
60800 -0.11859 1 0.252874 0.121795 0.0277778 0.234808 -14.2941
60900 -0.11859 1 0.252874 0.121795 0.0277778 0.234808 -14.2941
61000 -0.11859 1 0.252874 0.121795 0.0277778 0.234808 -14.2941
61100 -0.11859 1 0.252874 0.121795 0.0277778 0.234808 -14.2941
61200 -0.11859 1 0.252874 0.121795 0.0277778 0.234808 -14.2941
61300 -0.11859 1 0.252874 0.121795 0.0277778 0.234808 -14.2941
61400 -0.11859 1 0.252874 0.121795 0.0277778 0.234808 -14.2941
61500 -0.11859 1 0.252874 0.121795 0.0277778 0.234808 -14.2941
61600 -0.11859 1 0.252874 0.121795 0.0277778 0.234808 -14.2941
61700 -0.11859 1 0.252874 0.121795 0.0277778 0.234808 -14.2941
61800 -0.11859 1 0.252874 0.121795 0.0277778 0.234808 -14.2941
61900 -0.11859 1 0.252874 0.121795 0.0277778 0.234808 -14.2941
62000 -0.11859 1 0.252874 0.121795 0.0277778 0.234808 -14.2941
62100 -0.11859 1 0.252874 0.121795 0.0277778 0.234808 -14.2941
62200 -0.11859 1 0.252874 0.121795 0.0277778 0.234808 -14.2941
62300 -0.11859 1 0.252874 0.121795 0.0277778 0.234808 -14.2941
62400 -0.11859 1 0.252874 0.121795 0.0277778 0.234808 -14.2941
62500 -0.11859 1 0.252874 0.121795 0.0277778 0.234808 -14.2941
62600 -0.11859 1 0.252874 0.121795 0.0277778 0.234808 -14.2941
62700 -0.11859 1 0.252874 0.121795 0.0277778 0.234808 -14.2941
62800 -0.11859 1 0.252874 0.121795 0.0277778 0.234808 -14.2941
62900 -0.11859 1 0.252874 0.121795 0.0277778 0.234808 -14.2941
63000 -0.11859 1 0.252874 0.121795 0.0277778 0.234808 -14.2941
63100 -0.11859 1 0.252874 0.121795 0.0277778 0.234808 -14.2941
63200 -0.11859 1 0.252874 0.121795 0.0277778 0.234808 -14.2941
63300 -0.11859 1 0.252874 0.121795 0.0277778 0.234808 -14.2941
63400 -0.11859 1 0.252874 0.121795 0.0277778 0.234808 -14.2941
63500 -0.11859 1 0.252874 0.121795 0.0277778 0.234808 -14.2941
63600 -0.11859 1 0.252874 0.121795 0.0277778 0.234808 -14.2941
63700 -0.11859 1 0.252874 0.121795 0.0277778 0.234808 -14.2941
63800 -0.11859 1 0.252874 0.121795 0.0277778 0.234808 -14.2941
63900 -0.11859 1 0.252874 0.121795 0.0277778 0.234808 -14.2941
64000 -0.11859 1 0.252874 0.121795 0.0277778 0.234808 -14.2941
64100 -0.11859 1 0.252874 0.121795 0.0277778 0.234808 -14.2941
64200 -0.11859 1 0.252874 0.121795 0.0277778 0.234808 -14.2941
64300 -0.11859 1 0.252874 0.121795 0.0277778 0.234808 -14.2941
64400 -0.11859 1 0.252874 0.121795 0.0277778 0.234808 -14.2941
64500 -0.11859 1 0.252874 0.121795 0.0277778 0.234808 -14.2941
64600 -0.11859 1 0.252874 0.121795 0.0277778 0.234808 -14.2941
64700 -0.11859 1 0.252874 0.121795 0.0277778 0.234808 -14.2941
64800 -0.11859 1 0.252874 0.121795 0.0277778 0.234808 -14.2941
64900 -0.11859 1 0.252874 0.121795 0.0277778 0.234808 -14.2941
65000 -0.11859 1 0.252874 0.121795 0.0277778 0.234808 -14.2941
65100 -0.11859 1 0.252874 0.121795 0.0277778 0.234808 -14.2941
65200 -0.11859 1 0.252874 0.121795 0.0277778 0.234808 -14.2941
65300 -0.11859 1 0.252874 0.121795 0.0277778 0.234808 -14.2941
65400 -0.11859 1 0.252874 0.121795 0.0277778 0.234808 -14.2941
65500 -0.11859 1 0.252874 0.121795 0.0277778 0.234808 -14.2941
65600 -0.11859 1 0.252874 0.121795 0.0277778 0.234808 -14.2941
65700 -0.11859 1 0.252874 0.121795 0.0277778 0.234808 -14.2941
65800 -0.11859 1 0.252874 0.121795 0.0277778 0.234808 -14.2941
65900 -0.11859 1 0.252874 0.121795 0.0277778 0.234808 -14.2941
66000 -0.11859 1 0.252874 0.121795 0.0277778 0.234808 -14.2941
66100 -0.11859 1 0.252874 0.121795 0.0277778 0.234808 -14.2941
66200 -0.11859 1 0.252874 0.121795 0.0277778 0.234808 -14.2941
66300 -0.11859 1 0.252874 0.121795 0.0277778 0.234808 -14.2941
66400 -0.11859 1 0.252874 0.121795 0.0277778 0.234808 -14.2941
66500 -0.11859 1 0.252874 0.121795 0.0277778 0.234808 -14.2941
66600 -0.11859 1 0.252874 0.121795 0.0277778 0.234808 -14.2941
66700 -0.11859 1 0.252874 0.121795 0.0277778 0.234808 -14.2941
66800 -0.11859 1 0.252874 0.121795 0.0277778 0.234808 -14.2941
66900 -0.11859 1 0.252874 0.121795 0.0277778 0.234808 -14.2941
67000 -0.11859 1 0.252874 0.121795 0.0277778 0.234808 -14.2941
67100 -0.11859 1 0.252874 0.121795 0.0277778 0.234808 -14.2941
67200 -0.11859 1 0.252874 0.121795 0.0277778 0.234808 -14.2941
67300 -0.11859 1 0.252874 0.121795 0.0277778 0.234808 -14.2941
67400 -0.11859 1 0.252874 0.121795 0.0277778 0.234808 -14.2941
67500 -0.11859 1 0.252874 0.121795 0.0277778 0.234808 -14.2941
67600 -0.11859 1 0.252874 0.121795 0.0277778 0.234808 -14.2941
67700 -0.11859 1 0.252874 0.121795 0.0277778 0.234808 -14.2941
67800 -0.11859 1 0.252874 0.121795 0.0277778 0.234808 -14.2941
67900 -0.11859 1 0.252874 0.121795 0.0277778 0.234808 -14.2941
68000 -0.11859 1 0.252874 0.121795 0.0277778 0.234808 -14.2941
68100 -0.11859 1 0.252874 0.121795 0.0277778 0.234808 -14.2941
68200 -0.11859 1 0.252874 0.121795 0.0277778 0.234808 -14.2941
68300 -0.11859 1 0.252874 0.121795 0.0277778 0.234808 -14.2941
68400 -0.11859 1 0.252874 0.121795 0.0277778 0.234808 -14.2941
68500 -0.11859 1 0.252874 0.121795 0.0277778 0.234808 -14.2941
68600 -0.11859 1 0.252874 0.121795 0.0277778 0.234808 -14.2941
68700 -0.11859 1 0.252874 0.121795 0.0277778 0.234808 -14.2941
68800 -0.11859 1 0.252874 0.121795 0.0277778 0.234808 -14.2941
68900 -0.11859 1 0.252874 0.121795 0.0277778 0.234808 -14.2941
69000 -0.11859 1 0.252874 0.121795 0.0277778 0.234808 -14.2941
69100 -0.11859 1 0.252874 0.121795 0.0277778 0.234808 -14.2941
69200 -0.11859 1 0.252874 0.121795 0.0277778 0.234808 -14.2941
69300 -0.11859 1 0.252874 0.121795 0.0277778 0.234808 -14.2941
69400 -0.11859 1 0.252874 0.121795 0.0277778 0.234808 -14.2941
69500 -0.11859 1 0.252874 0.121795 0.0277778 0.234808 -14.2941
69600 -0.11859 1 0.252874 0.121795 0.0277778 0.234808 -14.2941
69700 -0.11859 1 0.252874 0.121795 0.0277778 0.234808 -14.2941
69800 -0.11859 1 0.252874 0.121795 0.0277778 0.234808 -14.2941
69900 -0.11859 1 0.252874 0.121795 0.0277778 0.234808 -14.2941
70000 -0.11859 1 0.252874 0.121795 0.0277778 0.234808 -14.2941
70100 -0.11859 1 0.252874 0.121795 0.0277778 0.234808 -14.2941
70200 -0.11859 1 0.252874 0.121795 0.0277778 0.234808 -14.2941
70300 -0.11859 1 0.252874 0.121795 0.0277778 0.234808 -14.2941
70400 -0.11859 1 0.252874 0.121795 0.0277778 0.234808 -14.2941
70500 -0.11859 1 0.252874 0.121795 0.0277778 0.234808 -14.2941
70600 -0.11859 1 0.252874 0.121795 0.0277778 0.234808 -14.2941
70700 -0.11859 1 0.252874 0.121795 0.0277778 0.234808 -14.2941
70800 -0.11859 1 0.252874 0.121795 0.0277778 0.234808 -14.2941
70900 -0.11859 1 0.252874 0.121795 0.0277778 0.234808 -14.2941
71000 -0.11859 1 0.252874 0.121795 0.0277778 0.234808 -14.2941
71100 -0.11859 1 0.252874 0.121795 0.0277778 0.234808 -14.2941
71200 -0.11859 1 0.252874 0.121795 0.0277778 0.234808 -14.2941
71300 -0.11859 1 0.252874 0.121795 0.0277778 0.234808 -14.2941
71400 -0.11859 1 0.252874 0.121795 0.0277778 0.234808 -14.2941
71500 -0.11859 1 0.252874 0.121795 0.0277778 0.234808 -14.2941
71600 -0.11859 1 0.252874 0.121795 0.0277778 0.234808 -14.2941
71700 -0.11859 1 0.252874 0.121795 0.0277778 0.234808 -14.2941
71800 -0.11859 1 0.252874 0.121795 0.0277778 0.234808 -14.2941
71900 -0.11859 1 0.252874 0.121795 0.0277778 0.234808 -14.2941
72000 -0.11859 1 0.252874 0.121795 0.0277778 0.234808 -14.2941
72100 -0.11859 1 0.252874 0.121795 0.0277778 0.234808 -14.2941
72200 -0.11859 1 0.252874 0.121795 0.0277778 0.234808 -14.2941
72300 -0.11859 1 0.252874 0.121795 0.0277778 0.234808 -14.2941
72400 -0.11859 1 0.252874 0.121795 0.0277778 0.234808 -14.2941
72500 -0.11859 1 0.252874 0.121795 0.0277778 0.234808 -14.2941
72600 -0.11859 1 0.252874 0.121795 0.0277778 0.234808 -14.2941
72700 -0.11859 1 0.252874 0.121795 0.0277778 0.234808 -14.2941
72800 -0.11859 1 0.252874 0.121795 0.0277778 0.234808 -14.2941
72900 -0.11859 1 0.252874 0.121795 0.0277778 0.234808 -14.2941
73000 -0.11859 1 0.252874 0.121795 0.0277778 0.234808 -14.2941
73100 -0.11859 1 0.252874 0.121795 0.0277778 0.234808 -14.2941
73200 -0.11859 1 0.252874 0.121795 0.0277778 0.234808 -14.2941
73300 -0.11859 1 0.252874 0.121795 0.0277778 0.234808 -14.2941
73400 -0.11859 1 0.252874 0.121795 0.0277778 0.234808 -14.2941
73500 -0.11859 1 0.252874 0.121795 0.0277778 0.234808 -14.2941
73600 -0.11859 1 0.252874 0.121795 0.0277778 0.234808 -14.2941
73700 -0.11859 1 0.252874 0.121795 0.0277778 0.234808 -14.2941
73800 -0.11859 1 0.252874 0.121795 0.0277778 0.234808 -14.2941
73900 -0.11859 1 0.252874 0.121795 0.0277778 0.234808 -14.2941
74000 -0.11859 1 0.252874 0.121795 0.0277778 0.234808 -14.2941
74100 -0.11859 1 0.252874 0.121795 0.0277778 0.234808 -14.2941
74200 -0.11859 1 0.252874 0.121795 0.0277778 0.234808 -14.2941
74300 -0.11859 1 0.252874 0.121795 0.0277778 0.234808 -14.2941
74400 -0.11859 1 0.252874 0.121795 0.0277778 0.234808 -14.2941
74500 -0.11859 1 0.252874 0.121795 0.0277778 0.234808 -14.2941
74600 -0.11859 1 0.252874 0.121795 0.0277778 0.234808 -14.2941
74700 -0.11859 1 0.252874 0.121795 0.0277778 0.234808 -14.2941
74800 -0.11859 1 0.252874 0.121795 0.0277778 0.234808 -14.2941
74900 -0.11859 1 0.252874 0.121795 0.0277778 0.234808 -14.2941
75000 -0.11859 1 0.252874 0.121795 0.0277778 0.234808 -14.2941
75100 -0.11859 1 0.252874 0.121795 0.0277778 0.234808 -14.2941
75200 -0.11859 1 0.252874 0.121795 0.0277778 0.234808 -14.2941
75300 -0.11859 1 0.252874 0.121795 0.0277778 0.234808 -14.2941
75400 -0.11859 1 0.252874 0.121795 0.0277778 0.234808 -14.2941
75500 -0.11859 1 0.252874 0.121795 0.0277778 0.234808 -14.2941
75600 -0.11859 1 0.252874 0.121795 0.0277778 0.234808 -14.2941
75700 -0.11859 1 0.252874 0.121795 0.0277778 0.234808 -14.2941
75800 -0.11859 1 0.252874 0.121795 0.0277778 0.234808 -14.2941
75900 -0.11859 1 0.252874 0.121795 0.0277778 0.234808 -14.2941
76000 -0.11859 1 0.252874 0.121795 0.0277778 0.234808 -14.2941
76100 -0.11859 1 0.252874 0.121795 0.0277778 0.234808 -14.2941
76200 -0.11859 1 0.252874 0.121795 0.0277778 0.234808 -14.2941
76300 -0.11859 1 0.252874 0.121795 0.0277778 0.234808 -14.2941
76400 -0.11859 1 0.252874 0.121795 0.0277778 0.234808 -14.2941
76500 -0.11859 1 0.252874 0.121795 0.0277778 0.234808 -14.2941
76600 -0.11859 1 0.252874 0.121795 0.0277778 0.234808 -14.2941
76700 -0.11859 1 0.252874 0.121795 0.0277778 0.234808 -14.2941
76800 -0.11859 1 0.252874 0.121795 0.0277778 0.234808 -14.2941
76900 -0.11859 1 0.252874 0.121795 0.0277778 0.234808 -14.2941
77000 -0.11859 1 0.252874 0.121795 0.0277778 0.234808 -14.2941
77100 -0.11859 1 0.252874 0.121795 0.0277778 0.234808 -14.2941
77200 -0.11859 1 0.252874 0.121795 0.0277778 0.234808 -14.2941
77300 -0.11859 1 0.252874 0.121795 0.0277778 0.234808 -14.2941
77400 -0.11859 1 0.252874 0.121795 0.0277778 0.234808 -14.2941
77500 -0.11859 1 0.252874 0.121795 0.0277778 0.234808 -14.2941
77600 -0.11859 1 0.252874 0.121795 0.0277778 0.234808 -14.2941
77700 -0.11859 1 0.252874 0.121795 0.0277778 0.234808 -14.2941
77800 -0.11859 1 0.252874 0.121795 0.0277778 0.234808 -14.2941
77900 -0.11859 1 0.252874 0.121795 0.0277778 0.234808 -14.2941
78000 -0.11859 1 0.252874 0.121795 0.0277778 0.234808 -14.2941
78100 -0.11859 1 0.252874 0.121795 0.0277778 0.234808 -14.2941
78200 -0.11859 1 0.252874 0.121795 0.0277778 0.234808 -14.2941
78300 -0.11859 1 0.252874 0.121795 0.0277778 0.234808 -14.2941
78400 -0.11859 1 0.252874 0.121795 0.0277778 0.234808 -14.2941
78500 -0.11859 1 0.252874 0.121795 0.0277778 0.234808 -14.2941
78600 -0.11859 1 0.252874 0.121795 0.0277778 0.234808 -14.2941
78700 -0.11859 1 0.252874 0.121795 0.0277778 0.234808 -14.2941
78800 -0.11859 1 0.252874 0.121795 0.0277778 0.234808 -14.2941
78900 -0.11859 1 0.252874 0.121795 0.0277778 0.234808 -14.2941
79000 -0.11859 1 0.252874 0.121795 0.0277778 0.234808 -14.2941
79100 -0.11859 1 0.252874 0.121795 0.0277778 0.234808 -14.2941
79200 -0.11859 1 0.252874 0.121795 0.0277778 0.234808 -14.2941
79300 -0.11859 1 0.252874 0.121795 0.0277778 0.234808 -14.2941
79400 -0.11859 1 0.252874 0.121795 0.0277778 0.234808 -14.2941
79500 -0.11859 1 0.252874 0.121795 0.0277778 0.234808 -14.2941
79600 -0.11859 1 0.252874 0.121795 0.0277778 0.234808 -14.2941
79700 -0.11859 1 0.252874 0.121795 0.0277778 0.234808 -14.2941
79800 -0.11859 1 0.252874 0.121795 0.0277778 0.234808 -14.2941
79900 -0.11859 1 0.252874 0.121795 0.0277778 0.234808 -14.2941
80000 -0.11859 1 0.252874 0.121795 0.0277778 0.234808 -14.2941
80100 -0.11859 1 0.252874 0.121795 0.0277778 0.234808 -14.2941
80200 -0.11859 1 0.252874 0.121795 0.0277778 0.234808 -14.2941
80300 -0.11859 1 0.252874 0.121795 0.0277778 0.234808 -14.2941
80400 -0.11859 1 0.252874 0.121795 0.0277778 0.234808 -14.2941
80500 -0.11859 1 0.252874 0.121795 0.0277778 0.234808 -14.2941
80600 -0.11859 1 0.252874 0.121795 0.0277778 0.234808 -14.2941
80700 -0.11859 1 0.252874 0.121795 0.0277778 0.234808 -14.2941
80800 -0.11859 1 0.252874 0.121795 0.0277778 0.234808 -14.2941
80900 -0.11859 1 0.252874 0.121795 0.0277778 0.234808 -14.2941
81000 -0.11859 1 0.252874 0.121795 0.0277778 0.234808 -14.2941
81100 -0.11859 1 0.252874 0.121795 0.0277778 0.234808 -14.2941
81200 -0.11859 1 0.252874 0.121795 0.0277778 0.234808 -14.2941
81300 -0.11859 1 0.252874 0.121795 0.0277778 0.234808 -14.2941
81400 -0.11859 1 0.252874 0.121795 0.0277778 0.234808 -14.2941
81500 -0.11859 1 0.252874 0.121795 0.0277778 0.234808 -14.2941
81600 -0.11859 1 0.252874 0.121795 0.0277778 0.234808 -14.2941
81700 -0.11859 1 0.252874 0.121795 0.0277778 0.234808 -14.2941
81800 -0.11859 1 0.252874 0.121795 0.0277778 0.234808 -14.2941
81900 -0.11859 1 0.252874 0.121795 0.0277778 0.234808 -14.2941
82000 -0.11859 1 0.252874 0.121795 0.0277778 0.234808 -14.2941
82100 -0.11859 1 0.252874 0.121795 0.0277778 0.234808 -14.2941
82200 -0.11859 1 0.252874 0.121795 0.0277778 0.234808 -14.2941
82300 -0.11859 1 0.252874 0.121795 0.0277778 0.234808 -14.2941
82400 -0.11859 1 0.252874 0.121795 0.0277778 0.234808 -14.2941
82500 -0.11859 1 0.252874 0.121795 0.0277778 0.234808 -14.2941
82600 -0.11859 1 0.252874 0.121795 0.0277778 0.234808 -14.2941
82700 -0.11859 1 0.252874 0.121795 0.0277778 0.234808 -14.2941
82800 -0.11859 1 0.252874 0.121795 0.0277778 0.234808 -14.2941
82900 -0.11859 1 0.252874 0.121795 0.0277778 0.234808 -14.2941
83000 -0.11859 1 0.252874 0.121795 0.0277778 0.234808 -14.2941
83100 -0.11859 1 0.252874 0.121795 0.0277778 0.234808 -14.2941
83200 -0.11859 1 0.252874 0.121795 0.0277778 0.234808 -14.2941
83300 -0.11859 1 0.252874 0.121795 0.0277778 0.234808 -14.2941
83400 -0.11859 1 0.252874 0.121795 0.0277778 0.234808 -14.2941
83500 -0.11859 1 0.252874 0.121795 0.0277778 0.234808 -14.2941
83600 -0.11859 1 0.252874 0.121795 0.0277778 0.234808 -14.2941
83700 -0.11859 1 0.252874 0.121795 0.0277778 0.234808 -14.2941
83800 -0.11859 1 0.252874 0.121795 0.0277778 0.234808 -14.2941
83900 -0.11859 1 0.252874 0.121795 0.0277778 0.234808 -14.2941
84000 -0.11859 1 0.252874 0.121795 0.0277778 0.234808 -14.2941
84100 -0.11859 1 0.252874 0.121795 0.0277778 0.234808 -14.2941
84200 -0.11859 1 0.252874 0.121795 0.0277778 0.234808 -14.2941
84300 -0.11859 1 0.252874 0.121795 0.0277778 0.234808 -14.2941
84400 -0.11859 1 0.252874 0.121795 0.0277778 0.234808 -14.2941
84500 -0.11859 1 0.252874 0.121795 0.0277778 0.234808 -14.2941
84600 -0.11859 1 0.252874 0.121795 0.0277778 0.234808 -14.2941
84700 -0.11859 1 0.252874 0.121795 0.0277778 0.234808 -14.2941
84800 -0.11859 1 0.252874 0.121795 0.0277778 0.234808 -14.2941
84900 -0.11859 1 0.252874 0.121795 0.0277778 0.234808 -14.2941
85000 -0.11859 1 0.252874 0.121795 0.0277778 0.234808 -14.2941
85100 -0.11859 1 0.252874 0.121795 0.0277778 0.234808 -14.2941
85200 -0.11859 1 0.252874 0.121795 0.0277778 0.234808 -14.2941
85300 -0.11859 1 0.252874 0.121795 0.0277778 0.234808 -14.2941
85400 -0.11859 1 0.252874 0.121795 0.0277778 0.234808 -14.2941
85500 -0.11859 1 0.252874 0.121795 0.0277778 0.234808 -14.2941
85600 -0.11859 1 0.252874 0.121795 0.0277778 0.234808 -14.2941
85700 -0.11859 1 0.252874 0.121795 0.0277778 0.234808 -14.2941
85800 -0.11859 1 0.252874 0.121795 0.0277778 0.234808 -14.2941
85900 -0.11859 1 0.252874 0.121795 0.0277778 0.234808 -14.2941
86000 -0.11859 1 0.252874 0.121795 0.0277778 0.234808 -14.2941
86100 -0.11859 1 0.252874 0.121795 0.0277778 0.234808 -14.2941
86200 -0.11859 1 0.252874 0.121795 0.0277778 0.234808 -14.2941
86300 -0.11859 1 0.252874 0.121795 0.0277778 0.234808 -14.2941
86400 -0.11859 1 0.252874 0.121795 0.0277778 0.234808 -14.2941
86500 -0.11859 1 0.252874 0.121795 0.0277778 0.234808 -14.2941
86600 -0.11859 1 0.252874 0.121795 0.0277778 0.234808 -14.2941
86700 -0.11859 1 0.252874 0.121795 0.0277778 0.234808 -14.2941
86800 -0.11859 1 0.252874 0.121795 0.0277778 0.234808 -14.2941
86900 -0.11859 1 0.252874 0.121795 0.0277778 0.234808 -14.2941
87000 -0.11859 1 0.252874 0.121795 0.0277778 0.234808 -14.2941
87100 -0.11859 1 0.252874 0.121795 0.0277778 0.234808 -14.2941
87200 -0.11859 1 0.252874 0.121795 0.0277778 0.234808 -14.2941
87300 -0.11859 1 0.252874 0.121795 0.0277778 0.234808 -14.2941
87400 -0.11859 1 0.252874 0.121795 0.0277778 0.234808 -14.2941
87500 -0.11859 1 0.252874 0.121795 0.0277778 0.234808 -14.2941
87600 -0.11859 1 0.252874 0.121795 0.0277778 0.234808 -14.2941
87700 -0.11859 1 0.252874 0.121795 0.0277778 0.234808 -14.2941
87800 -0.11859 1 0.252874 0.121795 0.0277778 0.234808 -14.2941
87900 -0.11859 1 0.252874 0.121795 0.0277778 0.234808 -14.2941
88000 -0.11859 1 0.252874 0.121795 0.0277778 0.234808 -14.2941
88100 -0.11859 1 0.252874 0.121795 0.0277778 0.234808 -14.2941
88200 -0.11859 1 0.252874 0.121795 0.0277778 0.234808 -14.2941
88300 -0.11859 1 0.252874 0.121795 0.0277778 0.234808 -14.2941
88400 -0.11859 1 0.252874 0.121795 0.0277778 0.234808 -14.2941
88500 -0.11859 1 0.252874 0.121795 0.0277778 0.234808 -14.2941
88600 -0.11859 1 0.252874 0.121795 0.0277778 0.234808 -14.2941
88700 -0.11859 1 0.252874 0.121795 0.0277778 0.234808 -14.2941
88800 -0.11859 1 0.252874 0.121795 0.0277778 0.234808 -14.2941
88900 -0.11859 1 0.252874 0.121795 0.0277778 0.234808 -14.2941
89000 -0.11859 1 0.252874 0.121795 0.0277778 0.234808 -14.2941
89100 -0.11859 1 0.252874 0.121795 0.0277778 0.234808 -14.2941
89200 -0.11859 1 0.252874 0.121795 0.0277778 0.234808 -14.2941
89300 -0.11859 1 0.252874 0.121795 0.0277778 0.234808 -14.2941
89400 -0.11859 1 0.252874 0.121795 0.0277778 0.234808 -14.2941
89500 -0.11859 1 0.252874 0.121795 0.0277778 0.234808 -14.2941
89600 -0.11859 1 0.252874 0.121795 0.0277778 0.234808 -14.2941
89700 -0.11859 1 0.252874 0.121795 0.0277778 0.234808 -14.2941
89800 -0.11859 1 0.252874 0.121795 0.0277778 0.234808 -14.2941
89900 -0.11859 1 0.252874 0.121795 0.0277778 0.234808 -14.2941
90000 -0.11859 1 0.252874 0.121795 0.0277778 0.234808 -14.2941
90100 -0.11859 1 0.252874 0.121795 0.0277778 0.234808 -14.2941
90200 -0.11859 1 0.252874 0.121795 0.0277778 0.234808 -14.2941
90300 -0.11859 1 0.252874 0.121795 0.0277778 0.234808 -14.2941
90400 -0.11859 1 0.252874 0.121795 0.0277778 0.234808 -14.2941
90500 -0.11859 1 0.252874 0.121795 0.0277778 0.234808 -14.2941
90600 -0.11859 1 0.252874 0.121795 0.0277778 0.234808 -14.2941
90700 -0.11859 1 0.252874 0.121795 0.0277778 0.234808 -14.2941
90800 -0.11859 1 0.252874 0.121795 0.0277778 0.234808 -14.2941
90900 -0.11859 1 0.252874 0.121795 0.0277778 0.234808 -14.2941
91000 -0.11859 1 0.252874 0.121795 0.0277778 0.234808 -14.2941
91100 -0.11859 1 0.252874 0.121795 0.0277778 0.234808 -14.2941
91200 -0.11859 1 0.252874 0.121795 0.0277778 0.234808 -14.2941
91300 -0.11859 1 0.252874 0.121795 0.0277778 0.234808 -14.2941
91400 -0.11859 1 0.252874 0.121795 0.0277778 0.234808 -14.2941
91500 -0.11859 1 0.252874 0.121795 0.0277778 0.234808 -14.2941
91600 -0.11859 1 0.252874 0.121795 0.0277778 0.234808 -14.2941
91700 -0.11859 1 0.252874 0.121795 0.0277778 0.234808 -14.2941
91800 -0.11859 1 0.252874 0.121795 0.0277778 0.234808 -14.2941
91900 -0.11859 1 0.252874 0.121795 0.0277778 0.234808 -14.2941
92000 -0.11859 1 0.252874 0.121795 0.0277778 0.234808 -14.2941
92100 -0.11859 1 0.252874 0.121795 0.0277778 0.234808 -14.2941
92200 -0.11859 1 0.252874 0.121795 0.0277778 0.234808 -14.2941
92300 -0.11859 1 0.252874 0.121795 0.0277778 0.234808 -14.2941
92400 -0.11859 1 0.252874 0.121795 0.0277778 0.234808 -14.2941
92500 -0.11859 1 0.252874 0.121795 0.0277778 0.234808 -14.2941
92600 -0.11859 1 0.252874 0.121795 0.0277778 0.234808 -14.2941
92700 -0.11859 1 0.252874 0.121795 0.0277778 0.234808 -14.2941
92800 -0.11859 1 0.252874 0.121795 0.0277778 0.234808 -14.2941
92900 -0.11859 1 0.252874 0.121795 0.0277778 0.234808 -14.2941
93000 -0.11859 1 0.252874 0.121795 0.0277778 0.234808 -14.2941
93100 -0.11859 1 0.252874 0.121795 0.0277778 0.234808 -14.2941
93200 -0.11859 1 0.252874 0.121795 0.0277778 0.234808 -14.2941
93300 -0.11859 1 0.252874 0.121795 0.0277778 0.234808 -14.2941
93400 -0.11859 1 0.252874 0.121795 0.0277778 0.234808 -14.2941
93500 -0.11859 1 0.252874 0.121795 0.0277778 0.234808 -14.2941
93600 -0.11859 1 0.252874 0.121795 0.0277778 0.234808 -14.2941
93700 -0.11859 1 0.252874 0.121795 0.0277778 0.234808 -14.2941
93800 -0.11859 1 0.252874 0.121795 0.0277778 0.234808 -14.2941
93900 -0.11859 1 0.252874 0.121795 0.0277778 0.234808 -14.2941
94000 -0.11859 1 0.252874 0.121795 0.0277778 0.234808 -14.2941
94100 -0.11859 1 0.252874 0.121795 0.0277778 0.234808 -14.2941
94200 -0.11859 1 0.252874 0.121795 0.0277778 0.234808 -14.2941
94300 -0.11859 1 0.252874 0.121795 0.0277778 0.234808 -14.2941
94400 -0.11859 1 0.252874 0.121795 0.0277778 0.234808 -14.2941
94500 -0.11859 1 0.252874 0.121795 0.0277778 0.234808 -14.2941
94600 -0.11859 1 0.252874 0.121795 0.0277778 0.234808 -14.2941
94700 -0.11859 1 0.252874 0.121795 0.0277778 0.234808 -14.2941
94800 -0.11859 1 0.252874 0.121795 0.0277778 0.234808 -14.2941
94900 -0.11859 1 0.252874 0.121795 0.0277778 0.234808 -14.2941
95000 -0.11859 1 0.252874 0.121795 0.0277778 0.234808 -14.2941
95100 -0.11859 1 0.252874 0.121795 0.0277778 0.234808 -14.2941
95200 -0.11859 1 0.252874 0.121795 0.0277778 0.234808 -14.2941
95300 -0.11859 1 0.252874 0.121795 0.0277778 0.234808 -14.2941
95400 -0.11859 1 0.252874 0.121795 0.0277778 0.234808 -14.2941
95500 -0.11859 1 0.252874 0.121795 0.0277778 0.234808 -14.2941
95600 -0.11859 1 0.252874 0.121795 0.0277778 0.234808 -14.2941
95700 -0.11859 1 0.252874 0.121795 0.0277778 0.234808 -14.2941
95800 -0.11859 1 0.252874 0.121795 0.0277778 0.234808 -14.2941
95900 -0.11859 1 0.252874 0.121795 0.0277778 0.234808 -14.2941
96000 -0.11859 1 0.252874 0.121795 0.0277778 0.234808 -14.2941
96100 -0.11859 1 0.252874 0.121795 0.0277778 0.234808 -14.2941
96200 -0.11859 1 0.252874 0.121795 0.0277778 0.234808 -14.2941
96300 -0.11859 1 0.252874 0.121795 0.0277778 0.234808 -14.2941
96400 -0.11859 1 0.252874 0.121795 0.0277778 0.234808 -14.2941
96500 -0.11859 1 0.252874 0.121795 0.0277778 0.234808 -14.2941
96600 -0.11859 1 0.252874 0.121795 0.0277778 0.234808 -14.2941
96700 -0.11859 1 0.252874 0.121795 0.0277778 0.234808 -14.2941
96800 -0.11859 1 0.252874 0.121795 0.0277778 0.234808 -14.2941
96900 -0.11859 1 0.252874 0.121795 0.0277778 0.234808 -14.2941
97000 -0.11859 1 0.252874 0.121795 0.0277778 0.234808 -14.2941
97100 -0.11859 1 0.252874 0.121795 0.0277778 0.234808 -14.2941
97200 -0.11859 1 0.252874 0.121795 0.0277778 0.234808 -14.2941
97300 -0.11859 1 0.252874 0.121795 0.0277778 0.234808 -14.2941
97400 -0.11859 1 0.252874 0.121795 0.0277778 0.234808 -14.2941
97500 -0.11859 1 0.252874 0.121795 0.0277778 0.234808 -14.2941
97600 -0.11859 1 0.252874 0.121795 0.0277778 0.234808 -14.2941
97700 -0.11859 1 0.252874 0.121795 0.0277778 0.234808 -14.2941
97800 -0.11859 1 0.252874 0.121795 0.0277778 0.234808 -14.2941
97900 -0.11859 1 0.252874 0.121795 0.0277778 0.234808 -14.2941
98000 -0.11859 1 0.252874 0.121795 0.0277778 0.234808 -14.2941
98100 -0.11859 1 0.252874 0.121795 0.0277778 0.234808 -14.2941
98200 -0.11859 1 0.252874 0.121795 0.0277778 0.234808 -14.2941
98300 -0.11859 1 0.252874 0.121795 0.0277778 0.234808 -14.2941
98400 -0.11859 1 0.252874 0.121795 0.0277778 0.234808 -14.2941
98500 -0.11859 1 0.252874 0.121795 0.0277778 0.234808 -14.2941
98600 -0.11859 1 0.252874 0.121795 0.0277778 0.234808 -14.2941
98700 -0.11859 1 0.252874 0.121795 0.0277778 0.234808 -14.2941
98800 -0.11859 1 0.252874 0.121795 0.0277778 0.234808 -14.2941
98900 -0.11859 1 0.252874 0.121795 0.0277778 0.234808 -14.2941
99000 -0.11859 1 0.252874 0.121795 0.0277778 0.234808 -14.2941
99100 -0.11859 1 0.252874 0.121795 0.0277778 0.234808 -14.2941
99200 -0.11859 1 0.252874 0.121795 0.0277778 0.234808 -14.2941
99300 -0.11859 1 0.252874 0.121795 0.0277778 0.234808 -14.2941
99400 -0.11859 1 0.252874 0.121795 0.0277778 0.234808 -14.2941
99500 -0.11859 1 0.252874 0.121795 0.0277778 0.234808 -14.2941
99600 -0.11859 1 0.252874 0.121795 0.0277778 0.234808 -14.2941
99700 -0.11859 1 0.252874 0.121795 0.0277778 0.234808 -14.2941
99800 -0.11859 1 0.252874 0.121795 0.0277778 0.234808 -14.2941
99900 -0.11859 1 0.252874 0.121795 0.0277778 0.234808 -14.2941
100000 -0.11859 1 0.252874 0.121795 0.0277778 0.234808 -14.2941
100100 -0.11859 1 0.252874 0.121795 0.0277778 0.234808 -14.2941
100200 -0.11859 1 0.252874 0.121795 0.0277778 0.234808 -14.2941
100300 -0.11859 1 0.252874 0.121795 0.0277778 0.234808 -14.2941
100400 -0.11859 1 0.252874 0.121795 0.0277778 0.234808 -14.2941
100500 -0.11859 1 0.252874 0.121795 0.0277778 0.234808 -14.2941
100600 -0.11859 1 0.252874 0.121795 0.0277778 0.234808 -14.2941
100700 -0.11859 1 0.252874 0.121795 0.0277778 0.234808 -14.2941
100800 -0.11859 1 0.252874 0.121795 0.0277778 0.234808 -14.2941
100900 -0.11859 1 0.252874 0.121795 0.0277778 0.234808 -14.2941
101000 -0.11859 1 0.252874 0.121795 0.0277778 0.234808 -14.2941
101100 -0.11859 1 0.252874 0.121795 0.0277778 0.234808 -14.2941
101200 -0.11859 1 0.252874 0.121795 0.0277778 0.234808 -14.2941
101300 -0.11859 1 0.252874 0.121795 0.0277778 0.234808 -14.2941
101400 -0.11859 1 0.252874 0.121795 0.0277778 0.234808 -14.2941
101500 -0.11859 1 0.252874 0.121795 0.0277778 0.234808 -14.2941
101600 -0.11859 1 0.252874 0.121795 0.0277778 0.234808 -14.2941
101700 -0.11859 1 0.252874 0.121795 0.0277778 0.234808 -14.2941
101800 -0.11859 1 0.252874 0.121795 0.0277778 0.234808 -14.2941
101900 -0.11859 1 0.252874 0.121795 0.0277778 0.234808 -14.2941
102000 -0.11859 1 0.252874 0.121795 0.0277778 0.234808 -14.2941
102100 -0.11859 1 0.252874 0.121795 0.0277778 0.234808 -14.2941
102200 -0.11859 1 0.252874 0.121795 0.0277778 0.234808 -14.2941
102300 -0.11859 1 0.252874 0.121795 0.0277778 0.234808 -14.2941
102400 -0.11859 1 0.252874 0.121795 0.0277778 0.234808 -14.2941
102500 -0.11859 1 0.252874 0.121795 0.0277778 0.234808 -14.2941
102600 -0.11859 1 0.252874 0.121795 0.0277778 0.234808 -14.2941
102700 -0.11859 1 0.252874 0.121795 0.0277778 0.234808 -14.2941
102800 -0.11859 1 0.252874 0.121795 0.0277778 0.234808 -14.2941
102900 -0.11859 1 0.252874 0.121795 0.0277778 0.234808 -14.2941
103000 -0.11859 1 0.252874 0.121795 0.0277778 0.234808 -14.2941
103100 -0.11859 1 0.252874 0.121795 0.0277778 0.234808 -14.2941
103200 -0.11859 1 0.252874 0.121795 0.0277778 0.234808 -14.2941
103300 -0.11859 1 0.252874 0.121795 0.0277778 0.234808 -14.2941
103400 -0.11859 1 0.252874 0.121795 0.0277778 0.234808 -14.2941
103500 -0.11859 1 0.252874 0.121795 0.0277778 0.234808 -14.2941
103600 -0.11859 1 0.252874 0.121795 0.0277778 0.234808 -14.2941
103700 -0.11859 1 0.252874 0.121795 0.0277778 0.234808 -14.2941
103800 -0.11859 1 0.252874 0.121795 0.0277778 0.234808 -14.2941
103900 -0.11859 1 0.252874 0.121795 0.0277778 0.234808 -14.2941
104000 -0.11859 1 0.252874 0.121795 0.0277778 0.234808 -14.2941
104100 -0.11859 1 0.252874 0.121795 0.0277778 0.234808 -14.2941
104200 -0.11859 1 0.252874 0.121795 0.0277778 0.234808 -14.2941
104300 -0.11859 1 0.252874 0.121795 0.0277778 0.234808 -14.2941
104400 -0.11859 1 0.252874 0.121795 0.0277778 0.234808 -14.2941
104500 -0.11859 1 0.252874 0.121795 0.0277778 0.234808 -14.2941
104600 -0.11859 1 0.252874 0.121795 0.0277778 0.234808 -14.2941
104700 -0.11859 1 0.252874 0.121795 0.0277778 0.234808 -14.2941
104800 -0.11859 1 0.252874 0.121795 0.0277778 0.234808 -14.2941
104900 -0.11859 1 0.252874 0.121795 0.0277778 0.234808 -14.2941
105000 -0.11859 1 0.252874 0.121795 0.0277778 0.234808 -14.2941
105100 -0.11859 1 0.252874 0.121795 0.0277778 0.234808 -14.2941
105200 -0.11859 1 0.252874 0.121795 0.0277778 0.234808 -14.2941
105300 -0.11859 1 0.252874 0.121795 0.0277778 0.234808 -14.2941
105400 -0.11859 1 0.252874 0.121795 0.0277778 0.234808 -14.2941
105500 -0.11859 1 0.252874 0.121795 0.0277778 0.234808 -14.2941
105600 -0.11859 1 0.252874 0.121795 0.0277778 0.234808 -14.2941
105700 -0.11859 1 0.252874 0.121795 0.0277778 0.234808 -14.2941
105800 -0.11859 1 0.252874 0.121795 0.0277778 0.234808 -14.2941
105900 -0.11859 1 0.252874 0.121795 0.0277778 0.234808 -14.2941
106000 -0.11859 1 0.252874 0.121795 0.0277778 0.234808 -14.2941
106100 -0.11859 1 0.252874 0.121795 0.0277778 0.234808 -14.2941
106200 -0.11859 1 0.252874 0.121795 0.0277778 0.234808 -14.2941
106300 -0.11859 1 0.252874 0.121795 0.0277778 0.234808 -14.2941
106400 -0.11859 1 0.252874 0.121795 0.0277778 0.234808 -14.2941
106500 -0.11859 1 0.252874 0.121795 0.0277778 0.234808 -14.2941
106600 -0.11859 1 0.252874 0.121795 0.0277778 0.234808 -14.2941
106700 -0.11859 1 0.252874 0.121795 0.0277778 0.234808 -14.2941
106800 -0.11859 1 0.252874 0.121795 0.0277778 0.234808 -14.2941
106900 -0.11859 1 0.252874 0.121795 0.0277778 0.234808 -14.2941
107000 -0.11859 1 0.252874 0.121795 0.0277778 0.234808 -14.2941
107100 -0.11859 1 0.252874 0.121795 0.0277778 0.234808 -14.2941
107200 -0.11859 1 0.252874 0.121795 0.0277778 0.234808 -14.2941
107300 -0.11859 1 0.252874 0.121795 0.0277778 0.234808 -14.2941
107400 -0.11859 1 0.252874 0.121795 0.0277778 0.234808 -14.2941
107500 -0.11859 1 0.252874 0.121795 0.0277778 0.234808 -14.2941
107600 -0.11859 1 0.252874 0.121795 0.0277778 0.234808 -14.2941
107700 -0.11859 1 0.252874 0.121795 0.0277778 0.234808 -14.2941
107800 -0.11859 1 0.252874 0.121795 0.0277778 0.234808 -14.2941
107900 -0.11859 1 0.252874 0.121795 0.0277778 0.234808 -14.2941
108000 -0.11859 1 0.252874 0.121795 0.0277778 0.234808 -14.2941
108100 -0.11859 1 0.252874 0.121795 0.0277778 0.234808 -14.2941
108200 -0.11859 1 0.252874 0.121795 0.0277778 0.234808 -14.2941
108300 -0.11859 1 0.252874 0.121795 0.0277778 0.234808 -14.2941
108400 -0.11859 1 0.252874 0.121795 0.0277778 0.234808 -14.2941
108500 -0.11859 1 0.252874 0.121795 0.0277778 0.234808 -14.2941
108600 -0.11859 1 0.252874 0.121795 0.0277778 0.234808 -14.2941
108700 -0.11859 1 0.252874 0.121795 0.0277778 0.234808 -14.2941
108800 -0.11859 1 0.252874 0.121795 0.0277778 0.234808 -14.2941
108900 -0.11859 1 0.252874 0.121795 0.0277778 0.234808 -14.2941
109000 -0.11859 1 0.252874 0.121795 0.0277778 0.234808 -14.2941
109100 -0.11859 1 0.252874 0.121795 0.0277778 0.234808 -14.2941
109200 -0.11859 1 0.252874 0.121795 0.0277778 0.234808 -14.2941
109300 -0.11859 1 0.252874 0.121795 0.0277778 0.234808 -14.2941
109400 -0.11859 1 0.252874 0.121795 0.0277778 0.234808 -14.2941
109500 -0.11859 1 0.252874 0.121795 0.0277778 0.234808 -14.2941
109600 -0.11859 1 0.252874 0.121795 0.0277778 0.234808 -14.2941
109700 -0.11859 1 0.252874 0.121795 0.0277778 0.234808 -14.2941
109800 -0.11859 1 0.252874 0.121795 0.0277778 0.234808 -14.2941
109900 -0.11859 1 0.252874 0.121795 0.0277778 0.234808 -14.2941
110000 -0.11859 1 0.252874 0.121795 0.0277778 0.234808 -14.2941
110100 -0.11859 1 0.252874 0.121795 0.0277778 0.234808 -14.2941
110200 -0.11859 1 0.252874 0.121795 0.0277778 0.234808 -14.2941
110300 -0.11859 1 0.252874 0.121795 0.0277778 0.234808 -14.2941
110400 -0.11859 1 0.252874 0.121795 0.0277778 0.234808 -14.2941
110500 -0.11859 1 0.252874 0.121795 0.0277778 0.234808 -14.2941
110600 -0.11859 1 0.252874 0.121795 0.0277778 0.234808 -14.2941
110700 -0.11859 1 0.252874 0.121795 0.0277778 0.234808 -14.2941
110800 -0.11859 1 0.252874 0.121795 0.0277778 0.234808 -14.2941
110900 -0.11859 1 0.252874 0.121795 0.0277778 0.234808 -14.2941
111000 -0.11859 1 0.252874 0.121795 0.0277778 0.234808 -14.2941
111100 -0.11859 1 0.252874 0.121795 0.0277778 0.234808 -14.2941
111200 -0.11859 1 0.252874 0.121795 0.0277778 0.234808 -14.2941
111300 -0.11859 1 0.252874 0.121795 0.0277778 0.234808 -14.2941
111400 -0.11859 1 0.252874 0.121795 0.0277778 0.234808 -14.2941
111500 -0.11859 1 0.252874 0.121795 0.0277778 0.234808 -14.2941
111600 -0.11859 1 0.252874 0.121795 0.0277778 0.234808 -14.2941
111700 -0.11859 1 0.252874 0.121795 0.0277778 0.234808 -14.2941
111800 -0.11859 1 0.252874 0.121795 0.0277778 0.234808 -14.2941
111900 -0.11859 1 0.252874 0.121795 0.0277778 0.234808 -14.2941
112000 -0.11859 1 0.252874 0.121795 0.0277778 0.234808 -14.2941
112100 -0.11859 1 0.252874 0.121795 0.0277778 0.234808 -14.2941
112200 -0.11859 1 0.252874 0.121795 0.0277778 0.234808 -14.2941
112300 -0.11859 1 0.252874 0.121795 0.0277778 0.234808 -14.2941
112400 -0.11859 1 0.252874 0.121795 0.0277778 0.234808 -14.2941
112500 -0.11859 1 0.252874 0.121795 0.0277778 0.234808 -14.2941
112600 -0.11859 1 0.252874 0.121795 0.0277778 0.234808 -14.2941
112700 -0.11859 1 0.252874 0.121795 0.0277778 0.234808 -14.2941
112800 -0.11859 1 0.252874 0.121795 0.0277778 0.234808 -14.2941
112900 -0.11859 1 0.252874 0.121795 0.0277778 0.234808 -14.2941
113000 -0.11859 1 0.252874 0.121795 0.0277778 0.234808 -14.2941
113100 -0.11859 1 0.252874 0.121795 0.0277778 0.234808 -14.2941
113200 -0.11859 1 0.252874 0.121795 0.0277778 0.234808 -14.2941
113300 -0.11859 1 0.252874 0.121795 0.0277778 0.234808 -14.2941
113400 -0.11859 1 0.252874 0.121795 0.0277778 0.234808 -14.2941
113500 -0.11859 1 0.252874 0.121795 0.0277778 0.234808 -14.2941
113600 -0.11859 1 0.252874 0.121795 0.0277778 0.234808 -14.2941
113700 -0.11859 1 0.252874 0.121795 0.0277778 0.234808 -14.2941
113800 -0.11859 1 0.252874 0.121795 0.0277778 0.234808 -14.2941
113900 -0.11859 1 0.252874 0.121795 0.0277778 0.234808 -14.2941
114000 -0.11859 1 0.252874 0.121795 0.0277778 0.234808 -14.2941
114100 -0.11859 1 0.252874 0.121795 0.0277778 0.234808 -14.2941
114200 -0.11859 1 0.252874 0.121795 0.0277778 0.234808 -14.2941
114300 -0.11859 1 0.252874 0.121795 0.0277778 0.234808 -14.2941
114400 -0.11859 1 0.252874 0.121795 0.0277778 0.234808 -14.2941
114500 -0.11859 1 0.252874 0.121795 0.0277778 0.234808 -14.2941
114600 -0.11859 1 0.252874 0.121795 0.0277778 0.234808 -14.2941
114700 -0.11859 1 0.252874 0.121795 0.0277778 0.234808 -14.2941
114800 -0.11859 1 0.252874 0.121795 0.0277778 0.234808 -14.2941
114900 -0.11859 1 0.252874 0.121795 0.0277778 0.234808 -14.2941
115000 -0.11859 1 0.252874 0.121795 0.0277778 0.234808 -14.2941
115100 -0.11859 1 0.252874 0.121795 0.0277778 0.234808 -14.2941
115200 -0.11859 1 0.252874 0.121795 0.0277778 0.234808 -14.2941
115300 -0.11859 1 0.252874 0.121795 0.0277778 0.234808 -14.2941
115400 -0.11859 1 0.252874 0.121795 0.0277778 0.234808 -14.2941
115500 -0.11859 1 0.252874 0.121795 0.0277778 0.234808 -14.2941
115600 -0.11859 1 0.252874 0.121795 0.0277778 0.234808 -14.2941
115700 -0.11859 1 0.252874 0.121795 0.0277778 0.234808 -14.2941
115800 -0.11859 1 0.252874 0.121795 0.0277778 0.234808 -14.2941
115900 -0.11859 1 0.252874 0.121795 0.0277778 0.234808 -14.2941
116000 -0.11859 1 0.252874 0.121795 0.0277778 0.234808 -14.2941
116100 -0.11859 1 0.252874 0.121795 0.0277778 0.234808 -14.2941
116200 -0.11859 1 0.252874 0.121795 0.0277778 0.234808 -14.2941
116300 -0.11859 1 0.252874 0.121795 0.0277778 0.234808 -14.2941
116400 -0.11859 1 0.252874 0.121795 0.0277778 0.234808 -14.2941
116500 -0.11859 1 0.252874 0.121795 0.0277778 0.234808 -14.2941
116600 -0.11859 1 0.252874 0.121795 0.0277778 0.234808 -14.2941
116700 -0.11859 1 0.252874 0.121795 0.0277778 0.234808 -14.2941
116800 -0.11859 1 0.252874 0.121795 0.0277778 0.234808 -14.2941
116900 -0.11859 1 0.252874 0.121795 0.0277778 0.234808 -14.2941
117000 -0.11859 1 0.252874 0.121795 0.0277778 0.234808 -14.2941
117100 -0.11859 1 0.252874 0.121795 0.0277778 0.234808 -14.2941
117200 -0.11859 1 0.252874 0.121795 0.0277778 0.234808 -14.2941
117300 -0.11859 1 0.252874 0.121795 0.0277778 0.234808 -14.2941
117400 -0.11859 1 0.252874 0.121795 0.0277778 0.234808 -14.2941
117500 -0.11859 1 0.252874 0.121795 0.0277778 0.234808 -14.2941
117600 -0.11859 1 0.252874 0.121795 0.0277778 0.234808 -14.2941
117700 -0.11859 1 0.252874 0.121795 0.0277778 0.234808 -14.2941
117800 -0.11859 1 0.252874 0.121795 0.0277778 0.234808 -14.2941
117900 -0.11859 1 0.252874 0.121795 0.0277778 0.234808 -14.2941
118000 -0.11859 1 0.252874 0.121795 0.0277778 0.234808 -14.2941
118100 -0.11859 1 0.252874 0.121795 0.0277778 0.234808 -14.2941
118200 -0.11859 1 0.252874 0.121795 0.0277778 0.234808 -14.2941
118300 -0.11859 1 0.252874 0.121795 0.0277778 0.234808 -14.2941
118400 -0.11859 1 0.252874 0.121795 0.0277778 0.234808 -14.2941
118500 -0.11859 1 0.252874 0.121795 0.0277778 0.234808 -14.2941
118600 -0.11859 1 0.252874 0.121795 0.0277778 0.234808 -14.2941
118700 -0.11859 1 0.252874 0.121795 0.0277778 0.234808 -14.2941
118800 -0.11859 1 0.252874 0.121795 0.0277778 0.234808 -14.2941
118900 -0.11859 1 0.252874 0.121795 0.0277778 0.234808 -14.2941
119000 -0.11859 1 0.252874 0.121795 0.0277778 0.234808 -14.2941
119100 -0.11859 1 0.252874 0.121795 0.0277778 0.234808 -14.2941
119200 -0.11859 1 0.252874 0.121795 0.0277778 0.234808 -14.2941
119300 -0.11859 1 0.252874 0.121795 0.0277778 0.234808 -14.2941
119400 -0.11859 1 0.252874 0.121795 0.0277778 0.234808 -14.2941
119500 -0.11859 1 0.252874 0.121795 0.0277778 0.234808 -14.2941
119600 -0.11859 1 0.252874 0.121795 0.0277778 0.234808 -14.2941
119700 -0.11859 1 0.252874 0.121795 0.0277778 0.234808 -14.2941
119800 -0.11859 1 0.252874 0.121795 0.0277778 0.234808 -14.2941
119900 -0.11859 1 0.252874 0.121795 0.0277778 0.234808 -14.2941
120000 -0.11859 1 0.252874 0.121795 0.0277778 0.234808 -14.2941
120100 -0.11859 1 0.252874 0.121795 0.0277778 0.234808 -14.2941
120200 -0.11859 1 0.252874 0.121795 0.0277778 0.234808 -14.2941
120300 -0.11859 1 0.252874 0.121795 0.0277778 0.234808 -14.2941
120400 -0.11859 1 0.252874 0.121795 0.0277778 0.234808 -14.2941
120500 -0.11859 1 0.252874 0.121795 0.0277778 0.234808 -14.2941
120600 -0.11859 1 0.252874 0.121795 0.0277778 0.234808 -14.2941
120700 -0.11859 1 0.252874 0.121795 0.0277778 0.234808 -14.2941
120800 -0.11859 1 0.252874 0.121795 0.0277778 0.234808 -14.2941
120900 -0.11859 1 0.252874 0.121795 0.0277778 0.234808 -14.2941
121000 -0.11859 1 0.252874 0.121795 0.0277778 0.234808 -14.2941
121100 -0.11859 1 0.252874 0.121795 0.0277778 0.234808 -14.2941
121200 -0.11859 1 0.252874 0.121795 0.0277778 0.234808 -14.2941
121300 -0.11859 1 0.252874 0.121795 0.0277778 0.234808 -14.2941
121400 -0.11859 1 0.252874 0.121795 0.0277778 0.234808 -14.2941
121500 -0.11859 1 0.252874 0.121795 0.0277778 0.234808 -14.2941
121600 -0.11859 1 0.252874 0.121795 0.0277778 0.234808 -14.2941
121700 -0.11859 1 0.252874 0.121795 0.0277778 0.234808 -14.2941
121800 -0.11859 1 0.252874 0.121795 0.0277778 0.234808 -14.2941
121900 -0.11859 1 0.252874 0.121795 0.0277778 0.234808 -14.2941
122000 -0.11859 1 0.252874 0.121795 0.0277778 0.234808 -14.2941
122100 -0.11859 1 0.252874 0.121795 0.0277778 0.234808 -14.2941
122200 -0.11859 1 0.252874 0.121795 0.0277778 0.234808 -14.2941
122300 -0.11859 1 0.252874 0.121795 0.0277778 0.234808 -14.2941
122400 -0.11859 1 0.252874 0.121795 0.0277778 0.234808 -14.2941
122500 -0.11859 1 0.252874 0.121795 0.0277778 0.234808 -14.2941
122600 -0.11859 1 0.252874 0.121795 0.0277778 0.234808 -14.2941
122700 -0.11859 1 0.252874 0.121795 0.0277778 0.234808 -14.2941
122800 -0.11859 1 0.252874 0.121795 0.0277778 0.234808 -14.2941
122900 -0.11859 1 0.252874 0.121795 0.0277778 0.234808 -14.2941
123000 -0.11859 1 0.252874 0.121795 0.0277778 0.234808 -14.2941
123100 -0.11859 1 0.252874 0.121795 0.0277778 0.234808 -14.2941
123200 -0.11859 1 0.252874 0.121795 0.0277778 0.234808 -14.2941
123300 -0.11859 1 0.252874 0.121795 0.0277778 0.234808 -14.2941
123400 -0.11859 1 0.252874 0.121795 0.0277778 0.234808 -14.2941
123500 -0.11859 1 0.252874 0.121795 0.0277778 0.234808 -14.2941
123600 -0.11859 1 0.252874 0.121795 0.0277778 0.234808 -14.2941
123700 -0.11859 1 0.252874 0.121795 0.0277778 0.234808 -14.2941
123800 -0.11859 1 0.252874 0.121795 0.0277778 0.234808 -14.2941
123900 -0.11859 1 0.252874 0.121795 0.0277778 0.234808 -14.2941
124000 -0.11859 1 0.252874 0.121795 0.0277778 0.234808 -14.2941
124100 -0.11859 1 0.252874 0.121795 0.0277778 0.234808 -14.2941
124200 -0.11859 1 0.252874 0.121795 0.0277778 0.234808 -14.2941
124300 -0.11859 1 0.252874 0.121795 0.0277778 0.234808 -14.2941
124400 -0.11859 1 0.252874 0.121795 0.0277778 0.234808 -14.2941
124500 -0.11859 1 0.252874 0.121795 0.0277778 0.234808 -14.2941
124600 -0.11859 1 0.252874 0.121795 0.0277778 0.234808 -14.2941
124700 -0.11859 1 0.252874 0.121795 0.0277778 0.234808 -14.2941
124800 -0.11859 1 0.252874 0.121795 0.0277778 0.234808 -14.2941
124900 -0.11859 1 0.252874 0.121795 0.0277778 0.234808 -14.2941
125000 -0.11859 1 0.252874 0.121795 0.0277778 0.234808 -14.2941
125100 -0.11859 1 0.252874 0.121795 0.0277778 0.234808 -14.2941
125200 -0.11859 1 0.252874 0.121795 0.0277778 0.234808 -14.2941
125300 -0.11859 1 0.252874 0.121795 0.0277778 0.234808 -14.2941
125400 -0.11859 1 0.252874 0.121795 0.0277778 0.234808 -14.2941
125500 -0.11859 1 0.252874 0.121795 0.0277778 0.234808 -14.2941
125600 -0.11859 1 0.252874 0.121795 0.0277778 0.234808 -14.2941
125700 -0.11859 1 0.252874 0.121795 0.0277778 0.234808 -14.2941
125800 -0.11859 1 0.252874 0.121795 0.0277778 0.234808 -14.2941
125900 -0.11859 1 0.252874 0.121795 0.0277778 0.234808 -14.2941
126000 -0.11859 1 0.252874 0.121795 0.0277778 0.234808 -14.2941
126100 -0.11859 1 0.252874 0.121795 0.0277778 0.234808 -14.2941
126200 -0.11859 1 0.252874 0.121795 0.0277778 0.234808 -14.2941
126300 -0.11859 1 0.252874 0.121795 0.0277778 0.234808 -14.2941
126400 -0.11859 1 0.252874 0.121795 0.0277778 0.234808 -14.2941
126500 -0.11859 1 0.252874 0.121795 0.0277778 0.234808 -14.2941
126600 -0.11859 1 0.252874 0.121795 0.0277778 0.234808 -14.2941
126700 -0.11859 1 0.252874 0.121795 0.0277778 0.234808 -14.2941
126800 -0.11859 1 0.252874 0.121795 0.0277778 0.234808 -14.2941
126900 -0.11859 1 0.252874 0.121795 0.0277778 0.234808 -14.2941
127000 -0.11859 1 0.252874 0.121795 0.0277778 0.234808 -14.2941
127100 -0.11859 1 0.252874 0.121795 0.0277778 0.234808 -14.2941
127200 -0.11859 1 0.252874 0.121795 0.0277778 0.234808 -14.2941
127300 -0.11859 1 0.252874 0.121795 0.0277778 0.234808 -14.2941
127400 -0.11859 1 0.252874 0.121795 0.0277778 0.234808 -14.2941
127500 -0.11859 1 0.252874 0.121795 0.0277778 0.234808 -14.2941
127600 -0.11859 1 0.252874 0.121795 0.0277778 0.234808 -14.2941
127700 -0.11859 1 0.252874 0.121795 0.0277778 0.234808 -14.2941
127800 -0.11859 1 0.252874 0.121795 0.0277778 0.234808 -14.2941
127900 -0.11859 1 0.252874 0.121795 0.0277778 0.234808 -14.2941
128000 -0.11859 1 0.252874 0.121795 0.0277778 0.234808 -14.2941
128100 -0.11859 1 0.252874 0.121795 0.0277778 0.234808 -14.2941
128200 -0.11859 1 0.252874 0.121795 0.0277778 0.234808 -14.2941
128300 -0.11859 1 0.252874 0.121795 0.0277778 0.234808 -14.2941
128400 -0.11859 1 0.252874 0.121795 0.0277778 0.234808 -14.2941
128500 -0.11859 1 0.252874 0.121795 0.0277778 0.234808 -14.2941
128600 -0.11859 1 0.252874 0.121795 0.0277778 0.234808 -14.2941
128700 -0.11859 1 0.252874 0.121795 0.0277778 0.234808 -14.2941
128800 -0.11859 1 0.252874 0.121795 0.0277778 0.234808 -14.2941
128900 -0.11859 1 0.252874 0.121795 0.0277778 0.234808 -14.2941
129000 -0.11859 1 0.252874 0.121795 0.0277778 0.234808 -14.2941
129100 -0.11859 1 0.252874 0.121795 0.0277778 0.234808 -14.2941
129200 -0.11859 1 0.252874 0.121795 0.0277778 0.234808 -14.2941
129300 -0.11859 1 0.252874 0.121795 0.0277778 0.234808 -14.2941
129400 -0.11859 1 0.252874 0.121795 0.0277778 0.234808 -14.2941
129500 -0.11859 1 0.252874 0.121795 0.0277778 0.234808 -14.2941
129600 -0.11859 1 0.252874 0.121795 0.0277778 0.234808 -14.2941
129700 -0.11859 1 0.252874 0.121795 0.0277778 0.234808 -14.2941
129800 -0.11859 1 0.252874 0.121795 0.0277778 0.234808 -14.2941
129900 -0.11859 1 0.252874 0.121795 0.0277778 0.234808 -14.2941
130000 -0.11859 1 0.252874 0.121795 0.0277778 0.234808 -14.2941
130100 -0.11859 1 0.252874 0.121795 0.0277778 0.234808 -14.2941
130200 -0.11859 1 0.252874 0.121795 0.0277778 0.234808 -14.2941
130300 -0.11859 1 0.252874 0.121795 0.0277778 0.234808 -14.2941
130400 -0.11859 1 0.252874 0.121795 0.0277778 0.234808 -14.2941
130500 -0.11859 1 0.252874 0.121795 0.0277778 0.234808 -14.2941
130600 -0.11859 1 0.252874 0.121795 0.0277778 0.234808 -14.2941
130700 -0.11859 1 0.252874 0.121795 0.0277778 0.234808 -14.2941
130800 -0.11859 1 0.252874 0.121795 0.0277778 0.234808 -14.2941
130900 -0.11859 1 0.252874 0.121795 0.0277778 0.234808 -14.2941
131000 -0.11859 1 0.252874 0.121795 0.0277778 0.234808 -14.2941
131100 -0.11859 1 0.252874 0.121795 0.0277778 0.234808 -14.2941
131200 -0.11859 1 0.252874 0.121795 0.0277778 0.234808 -14.2941
131300 -0.11859 1 0.252874 0.121795 0.0277778 0.234808 -14.2941
131400 -0.11859 1 0.252874 0.121795 0.0277778 0.234808 -14.2941
131500 -0.11859 1 0.252874 0.121795 0.0277778 0.234808 -14.2941
131600 -0.11859 1 0.252874 0.121795 0.0277778 0.234808 -14.2941
131700 -0.11859 1 0.252874 0.121795 0.0277778 0.234808 -14.2941
131800 -0.11859 1 0.252874 0.121795 0.0277778 0.234808 -14.2941
131900 -0.11859 1 0.252874 0.121795 0.0277778 0.234808 -14.2941
132000 -0.11859 1 0.252874 0.121795 0.0277778 0.234808 -14.2941
132100 -0.11859 1 0.252874 0.121795 0.0277778 0.234808 -14.2941
132200 -0.11859 1 0.252874 0.121795 0.0277778 0.234808 -14.2941
132300 -0.11859 1 0.252874 0.121795 0.0277778 0.234808 -14.2941
132400 -0.11859 1 0.252874 0.121795 0.0277778 0.234808 -14.2941
132500 -0.11859 1 0.252874 0.121795 0.0277778 0.234808 -14.2941
132600 -0.11859 1 0.252874 0.121795 0.0277778 0.234808 -14.2941
132700 -0.11859 1 0.252874 0.121795 0.0277778 0.234808 -14.2941
132800 -0.11859 1 0.252874 0.121795 0.0277778 0.234808 -14.2941
132900 -0.11859 1 0.252874 0.121795 0.0277778 0.234808 -14.2941
133000 -0.11859 1 0.252874 0.121795 0.0277778 0.234808 -14.2941
133100 -0.11859 1 0.252874 0.121795 0.0277778 0.234808 -14.2941
133200 -0.11859 1 0.252874 0.121795 0.0277778 0.234808 -14.2941
133300 -0.11859 1 0.252874 0.121795 0.0277778 0.234808 -14.2941
133400 -0.11859 1 0.252874 0.121795 0.0277778 0.234808 -14.2941
133500 -0.11859 1 0.252874 0.121795 0.0277778 0.234808 -14.2941
133600 -0.11859 1 0.252874 0.121795 0.0277778 0.234808 -14.2941
133700 -0.11859 1 0.252874 0.121795 0.0277778 0.234808 -14.2941
133800 -0.11859 1 0.252874 0.121795 0.0277778 0.234808 -14.2941
133900 -0.11859 1 0.252874 0.121795 0.0277778 0.234808 -14.2941
134000 -0.11859 1 0.252874 0.121795 0.0277778 0.234808 -14.2941
134100 -0.11859 1 0.252874 0.121795 0.0277778 0.234808 -14.2941
134200 -0.11859 1 0.252874 0.121795 0.0277778 0.234808 -14.2941
134300 -0.11859 1 0.252874 0.121795 0.0277778 0.234808 -14.2941
134400 -0.11859 1 0.252874 0.121795 0.0277778 0.234808 -14.2941
134500 -0.11859 1 0.252874 0.121795 0.0277778 0.234808 -14.2941
134600 -0.11859 1 0.252874 0.121795 0.0277778 0.234808 -14.2941
134700 -0.11859 1 0.252874 0.121795 0.0277778 0.234808 -14.2941
134800 -0.11859 1 0.252874 0.121795 0.0277778 0.234808 -14.2941
134900 -0.11859 1 0.252874 0.121795 0.0277778 0.234808 -14.2941
135000 -0.11859 1 0.252874 0.121795 0.0277778 0.234808 -14.2941
135100 -0.11859 1 0.252874 0.121795 0.0277778 0.234808 -14.2941
135200 -0.11859 1 0.252874 0.121795 0.0277778 0.234808 -14.2941
135300 -0.11859 1 0.252874 0.121795 0.0277778 0.234808 -14.2941
135400 -0.11859 1 0.252874 0.121795 0.0277778 0.234808 -14.2941
135500 -0.11859 1 0.252874 0.121795 0.0277778 0.234808 -14.2941
135600 -0.11859 1 0.252874 0.121795 0.0277778 0.234808 -14.2941
135700 -0.11859 1 0.252874 0.121795 0.0277778 0.234808 -14.2941
135800 -0.11859 1 0.252874 0.121795 0.0277778 0.234808 -14.2941
135900 -0.11859 1 0.252874 0.121795 0.0277778 0.234808 -14.2941
136000 -0.11859 1 0.252874 0.121795 0.0277778 0.234808 -14.2941
136100 -0.11859 1 0.252874 0.121795 0.0277778 0.234808 -14.2941
136200 -0.11859 1 0.252874 0.121795 0.0277778 0.234808 -14.2941
136300 -0.11859 1 0.252874 0.121795 0.0277778 0.234808 -14.2941
136400 -0.11859 1 0.252874 0.121795 0.0277778 0.234808 -14.2941
136500 -0.11859 1 0.252874 0.121795 0.0277778 0.234808 -14.2941
136600 -0.11859 1 0.252874 0.121795 0.0277778 0.234808 -14.2941
136700 -0.11859 1 0.252874 0.121795 0.0277778 0.234808 -14.2941
136800 -0.11859 1 0.252874 0.121795 0.0277778 0.234808 -14.2941
136900 -0.11859 1 0.252874 0.121795 0.0277778 0.234808 -14.2941
137000 -0.11859 1 0.252874 0.121795 0.0277778 0.234808 -14.2941
137100 -0.11859 1 0.252874 0.121795 0.0277778 0.234808 -14.2941
137200 -0.11859 1 0.252874 0.121795 0.0277778 0.234808 -14.2941
137300 -0.11859 1 0.252874 0.121795 0.0277778 0.234808 -14.2941
137400 -0.11859 1 0.252874 0.121795 0.0277778 0.234808 -14.2941
137500 -0.11859 1 0.252874 0.121795 0.0277778 0.234808 -14.2941
137600 -0.11859 1 0.252874 0.121795 0.0277778 0.234808 -14.2941
137700 -0.11859 1 0.252874 0.121795 0.0277778 0.234808 -14.2941
137800 -0.11859 1 0.252874 0.121795 0.0277778 0.234808 -14.2941
137900 -0.11859 1 0.252874 0.121795 0.0277778 0.234808 -14.2941
138000 -0.11859 1 0.252874 0.121795 0.0277778 0.234808 -14.2941
138100 -0.11859 1 0.252874 0.121795 0.0277778 0.234808 -14.2941
138200 -0.11859 1 0.252874 0.121795 0.0277778 0.234808 -14.2941
138300 -0.11859 1 0.252874 0.121795 0.0277778 0.234808 -14.2941
138400 -0.11859 1 0.252874 0.121795 0.0277778 0.234808 -14.2941
138500 -0.11859 1 0.252874 0.121795 0.0277778 0.234808 -14.2941
138600 -0.11859 1 0.252874 0.121795 0.0277778 0.234808 -14.2941
138700 -0.11859 1 0.252874 0.121795 0.0277778 0.234808 -14.2941
138800 -0.11859 1 0.252874 0.121795 0.0277778 0.234808 -14.2941
138900 -0.11859 1 0.252874 0.121795 0.0277778 0.234808 -14.2941
139000 -0.11859 1 0.252874 0.121795 0.0277778 0.234808 -14.2941
139100 -0.11859 1 0.252874 0.121795 0.0277778 0.234808 -14.2941
139200 -0.11859 1 0.252874 0.121795 0.0277778 0.234808 -14.2941
139300 -0.11859 1 0.252874 0.121795 0.0277778 0.234808 -14.2941
139400 -0.11859 1 0.252874 0.121795 0.0277778 0.234808 -14.2941
139500 -0.11859 1 0.252874 0.121795 0.0277778 0.234808 -14.2941
139600 -0.11859 1 0.252874 0.121795 0.0277778 0.234808 -14.2941
139700 -0.11859 1 0.252874 0.121795 0.0277778 0.234808 -14.2941
139800 -0.11859 1 0.252874 0.121795 0.0277778 0.234808 -14.2941
139900 -0.11859 1 0.252874 0.121795 0.0277778 0.234808 -14.2941
140000 -0.11859 1 0.252874 0.121795 0.0277778 0.234808 -14.2941
140100 -0.11859 1 0.252874 0.121795 0.0277778 0.234808 -14.2941
140200 -0.11859 1 0.252874 0.121795 0.0277778 0.234808 -14.2941
140300 -0.11859 1 0.252874 0.121795 0.0277778 0.234808 -14.2941
140400 -0.11859 1 0.252874 0.121795 0.0277778 0.234808 -14.2941
140500 -0.11859 1 0.252874 0.121795 0.0277778 0.234808 -14.2941
140600 -0.11859 1 0.252874 0.121795 0.0277778 0.234808 -14.2941
140700 -0.11859 1 0.252874 0.121795 0.0277778 0.234808 -14.2941
140800 -0.11859 1 0.252874 0.121795 0.0277778 0.234808 -14.2941
140900 -0.11859 1 0.252874 0.121795 0.0277778 0.234808 -14.2941
141000 -0.11859 1 0.252874 0.121795 0.0277778 0.234808 -14.2941
141100 -0.11859 1 0.252874 0.121795 0.0277778 0.234808 -14.2941
141200 -0.11859 1 0.252874 0.121795 0.0277778 0.234808 -14.2941
141300 -0.11859 1 0.252874 0.121795 0.0277778 0.234808 -14.2941
141400 -0.11859 1 0.252874 0.121795 0.0277778 0.234808 -14.2941
141500 -0.11859 1 0.252874 0.121795 0.0277778 0.234808 -14.2941
141600 -0.11859 1 0.252874 0.121795 0.0277778 0.234808 -14.2941
141700 -0.11859 1 0.252874 0.121795 0.0277778 0.234808 -14.2941
141800 -0.11859 1 0.252874 0.121795 0.0277778 0.234808 -14.2941
141900 -0.11859 1 0.252874 0.121795 0.0277778 0.234808 -14.2941
142000 -0.11859 1 0.252874 0.121795 0.0277778 0.234808 -14.2941
142100 -0.11859 1 0.252874 0.121795 0.0277778 0.234808 -14.2941
142200 -0.11859 1 0.252874 0.121795 0.0277778 0.234808 -14.2941
142300 -0.11859 1 0.252874 0.121795 0.0277778 0.234808 -14.2941
142400 -0.11859 1 0.252874 0.121795 0.0277778 0.234808 -14.2941
142500 -0.11859 1 0.252874 0.121795 0.0277778 0.234808 -14.2941
142600 -0.11859 1 0.252874 0.121795 0.0277778 0.234808 -14.2941
142700 -0.11859 1 0.252874 0.121795 0.0277778 0.234808 -14.2941
142800 -0.11859 1 0.252874 0.121795 0.0277778 0.234808 -14.2941
142900 -0.11859 1 0.252874 0.121795 0.0277778 0.234808 -14.2941
143000 -0.11859 1 0.252874 0.121795 0.0277778 0.234808 -14.2941
143100 -0.11859 1 0.252874 0.121795 0.0277778 0.234808 -14.2941
143200 -0.11859 1 0.252874 0.121795 0.0277778 0.234808 -14.2941
143300 -0.11859 1 0.252874 0.121795 0.0277778 0.234808 -14.2941
143400 -0.11859 1 0.252874 0.121795 0.0277778 0.234808 -14.2941
143500 -0.11859 1 0.252874 0.121795 0.0277778 0.234808 -14.2941
143600 -0.11859 1 0.252874 0.121795 0.0277778 0.234808 -14.2941
143700 -0.11859 1 0.252874 0.121795 0.0277778 0.234808 -14.2941
143800 -0.11859 1 0.252874 0.121795 0.0277778 0.234808 -14.2941
143900 -0.11859 1 0.252874 0.121795 0.0277778 0.234808 -14.2941
144000 -0.11859 1 0.252874 0.121795 0.0277778 0.234808 -14.2941
144100 -0.11859 1 0.252874 0.121795 0.0277778 0.234808 -14.2941
144200 -0.11859 1 0.252874 0.121795 0.0277778 0.234808 -14.2941
144300 -0.11859 1 0.252874 0.121795 0.0277778 0.234808 -14.2941
144400 -0.11859 1 0.252874 0.121795 0.0277778 0.234808 -14.2941
144500 -0.11859 1 0.252874 0.121795 0.0277778 0.234808 -14.2941
144600 -0.11859 1 0.252874 0.121795 0.0277778 0.234808 -14.2941
144700 -0.11859 1 0.252874 0.121795 0.0277778 0.234808 -14.2941
144800 -0.11859 1 0.252874 0.121795 0.0277778 0.234808 -14.2941
144900 -0.11859 1 0.252874 0.121795 0.0277778 0.234808 -14.2941
145000 -0.11859 1 0.252874 0.121795 0.0277778 0.234808 -14.2941
145100 -0.11859 1 0.252874 0.121795 0.0277778 0.234808 -14.2941
145200 -0.11859 1 0.252874 0.121795 0.0277778 0.234808 -14.2941
145300 -0.11859 1 0.252874 0.121795 0.0277778 0.234808 -14.2941
145400 -0.11859 1 0.252874 0.121795 0.0277778 0.234808 -14.2941
145500 -0.11859 1 0.252874 0.121795 0.0277778 0.234808 -14.2941
145600 -0.11859 1 0.252874 0.121795 0.0277778 0.234808 -14.2941
145700 -0.11859 1 0.252874 0.121795 0.0277778 0.234808 -14.2941
145800 -0.11859 1 0.252874 0.121795 0.0277778 0.234808 -14.2941
145900 -0.11859 1 0.252874 0.121795 0.0277778 0.234808 -14.2941
146000 -0.11859 1 0.252874 0.121795 0.0277778 0.234808 -14.2941
146100 -0.11859 1 0.252874 0.121795 0.0277778 0.234808 -14.2941
146200 -0.11859 1 0.252874 0.121795 0.0277778 0.234808 -14.2941
146300 -0.11859 1 0.252874 0.121795 0.0277778 0.234808 -14.2941
146400 -0.11859 1 0.252874 0.121795 0.0277778 0.234808 -14.2941
146500 -0.11859 1 0.252874 0.121795 0.0277778 0.234808 -14.2941
146600 -0.11859 1 0.252874 0.121795 0.0277778 0.234808 -14.2941
146700 -0.11859 1 0.252874 0.121795 0.0277778 0.234808 -14.2941
146800 -0.11859 1 0.252874 0.121795 0.0277778 0.234808 -14.2941
146900 -0.11859 1 0.252874 0.121795 0.0277778 0.234808 -14.2941
147000 -0.11859 1 0.252874 0.121795 0.0277778 0.234808 -14.2941
147100 -0.11859 1 0.252874 0.121795 0.0277778 0.234808 -14.2941
147200 -0.11859 1 0.252874 0.121795 0.0277778 0.234808 -14.2941
147300 -0.11859 1 0.252874 0.121795 0.0277778 0.234808 -14.2941
147400 -0.11859 1 0.252874 0.121795 0.0277778 0.234808 -14.2941
147500 -0.11859 1 0.252874 0.121795 0.0277778 0.234808 -14.2941
147600 -0.11859 1 0.252874 0.121795 0.0277778 0.234808 -14.2941
147700 -0.11859 1 0.252874 0.121795 0.0277778 0.234808 -14.2941
147800 -0.11859 1 0.252874 0.121795 0.0277778 0.234808 -14.2941
147900 -0.11859 1 0.252874 0.121795 0.0277778 0.234808 -14.2941
148000 -0.11859 1 0.252874 0.121795 0.0277778 0.234808 -14.2941
148100 -0.11859 1 0.252874 0.121795 0.0277778 0.234808 -14.2941
148200 -0.11859 1 0.252874 0.121795 0.0277778 0.234808 -14.2941
148300 -0.11859 1 0.252874 0.121795 0.0277778 0.234808 -14.2941
148400 -0.11859 1 0.252874 0.121795 0.0277778 0.234808 -14.2941
148500 -0.11859 1 0.252874 0.121795 0.0277778 0.234808 -14.2941
148600 -0.11859 1 0.252874 0.121795 0.0277778 0.234808 -14.2941
148700 -0.11859 1 0.252874 0.121795 0.0277778 0.234808 -14.2941
148800 -0.11859 1 0.252874 0.121795 0.0277778 0.234808 -14.2941
148900 -0.11859 1 0.252874 0.121795 0.0277778 0.234808 -14.2941
149000 -0.11859 1 0.252874 0.121795 0.0277778 0.234808 -14.2941
149100 -0.11859 1 0.252874 0.121795 0.0277778 0.234808 -14.2941
149200 -0.11859 1 0.252874 0.121795 0.0277778 0.234808 -14.2941
149300 -0.11859 1 0.252874 0.121795 0.0277778 0.234808 -14.2941
149400 -0.11859 1 0.252874 0.121795 0.0277778 0.234808 -14.2941
149500 -0.11859 1 0.252874 0.121795 0.0277778 0.234808 -14.2941
149600 -0.11859 1 0.252874 0.121795 0.0277778 0.234808 -14.2941
149700 -0.11859 1 0.252874 0.121795 0.0277778 0.234808 -14.2941
149800 -0.11859 1 0.252874 0.121795 0.0277778 0.234808 -14.2941
149900 -0.11859 1 0.252874 0.121795 0.0277778 0.234808 -14.2941
